num_opportunities,EMP_2016,EMP_2016,,ERP_2016,,
1,1102908.879,1099931.164,2977.715091,0.00010299,2.47E-05,"449,460"
2,1193560.179,1188749.677,4810.501799,0.00010299,2.68E-05,
3,1342500.089,1336597.471,5902.618325,0.00010299,3.01E-05,
4,1439114.926,1434338.518,4776.408057,58.99529221,1.85E+01,
5,1439689.033,1425828.113,13860.91951,142.8118795,4.48E+01,
6,1147849.197,1144015.318,3833.879174,48.40819099,1.21E+01,
7,1229015.245,1224440.232,4575.012968,178.3730884,4.77E+01,
8,1213047.782,1203647.425,9400.35675,62.80657353,1.66E+01,
9,1093041.672,1089044.08,3997.591719,377.5755298,8.99E+01,
10,1183752.717,1177436.651,6316.066391,92.57474947,2.39E+01,
11,1104617.752,1103143.174,1474.577665,0.00010299,2.48E-05,
12,1146698.95,1139271.521,7427.428618,24.53771006,6.13E+00,
13,1263293.195,1260453.657,2839.538433,32.26452915,8.87E+00,
14,1283970.976,1280429.354,3541.621587,14.29122678,4.00E+00,
15,1203021.27,1190614.932,12406.338,26.29969088,6.89E+00,
16,1315635.409,1299324.508,16310.90137,0.00010299,2.95E-05,
17,1214042.918,1207419.095,6623.822693,0.00010299,2.72E-05,
18,1266607.565,1258727.352,7880.213021,56.94404446,1.57E+01,
19,1269769.885,1261316.055,8453.829644,373.1507618,1.03E+02,
20,1320292.001,1315359.115,4932.885882,73.75688622,2.12E+01,
21,1366748.576,1346300.28,20448.29623,12.42697009,3.70E+00,
22,1420411.617,1408220.392,12191.225,0.00010299,3.19E-05,
23,1392402.306,1391814.067,588.2385709,312.8469003,9.48E+01,
24,1322808.988,1321500.506,1308.482447,181.1260925,5.22E+01,
25,1434951.478,1429100.459,5851.018704,7.067088463,2.21E+00,
26,1524018.159,1509892.374,14125.7846,6.464326556,2.15E+00,
27,1442433.906,1439892.511,2541.395285,208.3514625,6.54E+01,
28,1456783.991,1452619.673,4164.318077,289.3970132,9.18E+01,
29,1501530.207,1497092.192,4438.014922,0.642453825,2.10E-01,
30,1478588.007,1459115.736,19472.27106,27.62682143,8.89E+00,
31,1473671.587,1451409.389,22262.19822,16.333015,5.24E+00,
32,1486305.789,1475724.106,10581.68304,266.4666687,8.62E+01,
33,1446978.425,1434478.459,12499.96647,0.00010299,3.24E-05,
34,1441969.485,1425782.25,16187.23472,27.43729271,8.61E+00,
35,1285025.859,1265153.023,19872.83645,13.848952,3.87E+00,
36,1486374.784,1484167.261,2207.522711,0.00010299,3.33E-05,
37,1536108.525,1533520.737,2587.788112,0.00010299,3.44E-05,
38,1546214.069,1543904.906,2309.163162,0.642446818,2.16E-01,
39,1550554.014,1546883.191,3670.822961,0.00010299,3.48E-05,
40,1557451.604,1548153.882,9297.721856,82.63511608,2.80E+01,
41,1537065.47,1520121.632,16943.83773,6.083398538,2.04E+00,
42,1533866.317,1498892.792,34973.52474,0.00010299,3.44E-05,
43,1498777.036,1477008.729,21768.30652,0.00010299,3.36E-05,
44,1491296.847,1473073.023,18223.82384,0.00010299,3.34E-05,
45,1456532.655,1448935.466,7597.189308,179.8712483,5.70E+01,
46,1574680.276,1571932.289,2747.98744,92.55002448,3.17E+01,
47,1580688.511,1576696.86,3991.65128,242.9354251,8.36E+01,
48,1593489.824,1583613.334,9876.490343,12.38459587,4.30E+00,
49,1552133.112,1534006.272,18126.83996,16.65509752,5.63E+00,
50,1551243.402,1537749.947,13493.45479,0.00010299,3.48E-05,
51,1541443.201,1523933.809,17509.39223,14.51982728,4.87E+00,
52,1548446.811,1535235.714,13211.09698,0.00010299,3.47E-05,
53,1443275.296,1433753.981,9521.31517,0.608113496,1.91E-01,
54,1552308.529,1545799.187,6509.341936,1.851264205,6.26E-01,
55,1568993.968,1567041.3,1952.667762,1.110747196,3.79E-01,
56,1578481.038,1574381.389,4099.648941,13.10067463,4.50E+00,
57,1581189.965,1577632.647,3557.318043,49.9156758,1.72E+01,
58,1576218.555,1569909.896,6308.658571,0.796847896,2.73E-01,
59,1558429.023,1547928.307,10500.71623,0.00010299,3.49E-05,
60,1470817.093,1464171.109,6645.984258,46.75710141,1.50E+01,
61,1542877.464,1531584.226,11293.23806,0.00010299,3.46E-05,
62,1528393.296,1523551.211,4842.08527,91.76152943,3.05E+01,
63,1498959.454,1494529.036,4430.417704,30.11767072,9.83E+00,
64,1107723.643,1100057.082,7666.561131,3.195967297,7.71E-01,
65,1385439.688,1367756.414,17683.27419,528.3963552,1.59E+02,
66,1417770.544,1406559.626,11210.91798,0.00010299,3.18E-05,
67,1480630.316,1474977.254,5653.062215,138.8149333,4.48E+01,
68,1515415.951,1511831.546,3584.404915,0.00010299,3.40E-05,
69,1546034.541,1540817.677,5216.864095,54.51634872,1.84E+01,
70,1513524.267,1497735.829,15788.43775,74.44696069,2.45E+01,
71,1569486.233,1563460.039,6026.194102,0.00010299,3.52E-05,
72,1529681.812,1513477.7,16204.11214,0.631209554,2.10E-01,
73,1554229.325,1544322.327,9906.998406,9.296291089,3.15E+00,
74,1543846.67,1530798.898,13047.77246,7.429876834,2.50E+00,
75,1527561.053,1519406.298,8154.755041,0.00010299,3.43E-05,
76,1531869.288,1523316.943,8552.344643,2.12463254,7.09E-01,
77,1514678.929,1508295.597,6383.331862,15.48768274,5.11E+00,
78,1413706.569,1407068.567,6638.001996,0.00010299,3.17E-05,
79,1393495.552,1384357.105,9138.446713,22.0473012,6.69E+00,
80,1422794.665,1412382.041,10412.62397,845.0590729,2.62E+02,
81,1470870.963,1457872.292,12998.67136,102.2352226,3.27E+01,
82,1521652.86,1514196.944,7455.915848,11.77703801,3.90E+00,
83,1505911.147,1493463.81,12447.33685,0.631211547,2.07E-01,
84,1530534.817,1522926.388,7608.429049,23.94850525,7.98E+00,
85,1516406.727,1501429.264,14977.46274,0.00010299,3.40E-05,
86,1513523.659,1481142.299,32381.35984,1.586547553,5.23E-01,
87,1517321.357,1487923.725,29397.63158,0.00010299,3.40E-05,
88,1383427.099,1376484.825,6942.273586,440.0987338,1.33E+02,
89,1344820.67,1341063.328,3757.342135,6.419590335,1.88E+00,
90,1364001.397,1357029.52,6971.876633,6.116354161,1.82E+00,
91,1339710.813,1336454.125,3256.688361,0.00010299,3.00E-05,
92,1443091.032,1439412.078,3678.954457,333.1503288,1.05E+02,
93,1507481.383,1503735.468,3745.91525,230.0699412,7.55E+01,
94,1511549.163,1508664.743,2884.420122,55.34771426,1.82E+01,
95,1539370.842,1536501.467,2869.374938,6.11624361,2.05E+00,
96,1508715.984,1500351.817,8364.167424,45.55049807,1.50E+01,
97,1503064.004,1479301.534,23762.46985,15.50459424,5.07E+00,
98,1496214.526,1479775.085,16439.44108,53.49065266,1.74E+01,
99,1397103.04,1368198.202,28904.83816,25.07363012,7.63E+00,
100,1331847.756,1327589.437,4258.319452,17.63874771,5.12E+00,
101,1433653.021,1429219.131,4433.890441,135.3819332,4.23E+01,
102,1466991.389,1464864.883,2126.506312,287.0059773,9.17E+01,
103,1554795.368,1552085.429,2709.938703,40.31551903,1.36E+01,
104,1578020.764,1567817.226,10203.53837,51.9605084,1.79E+01,
105,1546750.427,1543798.993,2951.434348,765.564986,2.58E+02,
106,1518684.037,1490605.067,28078.96967,0.00010299,3.41E-05,
107,1483014.272,1450881.403,32132.8691,18.86468334,6.09E+00,
108,1283382.014,1276790.477,6591.537243,3.8538967,1.08E+00,
109,1400923.328,1396045.555,4877.773489,1615.752238,4.93E+02,
110,1465064.479,1462937.973,2126.506158,2041.139664,6.51E+02,
111,1532497.669,1525919.523,6578.145853,819.0363561,2.73E+02,
112,1560325.134,1547424.129,12901.005,0.00010299,3.50E-05,
113,1503173.856,1493192.194,9981.661752,725.5933355,2.37E+02,
114,1470939.091,1462140.985,8798.106466,97.40837708,3.12E+01,
115,1472374.061,1441018.446,31355.61464,543.2621322,1.74E+02,
116,1494347.506,1459050.015,35297.49062,191.8006225,6.24E+01,
117,1368794.066,1348966.636,19827.43037,1096.877077,3.27E+02,
118,1425236.86,1418951.097,6285.763318,1537.346575,4.77E+02,
119,1448104.409,1421717.565,26386.84408,1733.533719,5.47E+02,
120,1438802.032,1405286.09,33515.94195,402.6870641,1.26E+02,
121,1488752.454,1451094.687,37657.76704,0.00010299,3.34E-05,
122,1488752.454,1433666.771,55085.68304,725.7637604,2.35E+02,
123,1456450.389,1386317.465,70132.92409,267.1532931,8.47E+01,
124,1447399.637,1355654.39,91745.24725,616.9085712,1.94E+02,
125,1335389.882,1327194.198,8195.684098,32.23551107,9.37E+00,
126,1353777.084,1333285.613,20491.47109,124.2987941,3.66E+01,
127,1402665.41,1382263.262,20402.14789,26.36346757,8.05E+00,
128,1413582.541,1395808.269,17774.27185,2.925833985,9.01E-01,
129,1438648.083,1432855.552,5792.530861,47.58518228,1.49E+01,
130,1430641.722,1405441.311,25200.41132,988.8130299,3.08E+02,
131,1465299.831,1404673.152,60626.67859,3289.806615,1.05E+03,
132,1467531.614,1408307.291,59224.32251,29.92842902,9.56E+00,
133,1437157.606,1426175.077,10982.52922,8.728155037,2.73E+00,
134,1481233.661,1473526.069,7707.59203,38.0301172,1.23E+01,
135,1417647.122,1401314.795,16332.32697,981.5520766,3.03E+02,
136,1275646.605,1271853.504,3793.100675,681.8316237,1.89E+02,
137,1420540.43,1403728.762,16811.66843,0.405635506,1.25E-01,
138,1450923.472,1445122.47,5801.00161,10.63032909,3.36E+00,
139,1445521.356,1434412.626,11108.73033,0.00010299,3.24E-05,
140,1432794.532,1419902.466,12892.06559,0.00010299,3.21E-05,
141,1389917.534,1380284.493,9633.041096,15.2984667,4.63E+00,
142,1441064.708,1431011.374,10053.33386,365.1748832,1.15E+02,
143,1478779.293,1464323.018,14456.27527,0.00010299,3.32E-05,
144,1400168.667,1391643.945,8524.721745,1119.399227,3.41E+02,
145,1472890.993,1467470.861,5420.131707,56.6822071,1.82E+01,
146,1578034.508,1577093.343,941.1647767,140.1721887,4.82E+01,
147,803377.885,792492.2998,10885.58516,0.00010299,1.80E-05,
148,864827.5056,849571.4291,15256.07646,0.00010299,1.94E-05,
149,1392474.387,1389819.671,2654.71624,802.8836932,2.43E+02,
150,1361691.8,1347281.102,14410.69802,0.00010299,3.05E-05,
151,1277795.758,1262048.704,15747.05369,401.8165556,1.12E+02,
152,1191441.887,1185115.684,6326.202784,3737.743639,9.70E+02,
153,1329944.776,1314338.637,15606.13877,1510.146795,4.37E+02,
154,1442731.905,1434643.585,8088.320038,1559.560076,4.90E+02,
155,1354153.539,1342365.593,11787.94622,943.8032282,2.78E+02,
156,1298136.553,1281744.27,16392.2832,3633.875283,1.03E+03,
157,1210265.01,1200485.161,9779.848641,3800.730356,1.00E+03,
158,1208711.512,1189368.718,19342.79353,3283.296511,8.64E+02,
159,1261414.257,1236645.587,24768.67018,1500.507026,4.12E+02,
160,1337152.643,1329881.036,7271.607222,875.2958609,2.55E+02,
161,1569575.094,1559221.161,10353.93332,106.3106535,3.63E+01,
162,1528522.101,1518312.091,10210.00974,156.4057365,5.21E+01,
163,960561.9814,956857.344,3704.637442,4206.023084,8.80E+02,
164,1063178.823,1051222.359,11956.46406,400.996756,9.28E+01,
165,1193721.151,1184271.48,9449.671128,1920.097246,4.99E+02,
166,1078481.832,1074091.055,4390.777411,1941.237516,4.56E+02,
167,1024444.6,1010780.121,13664.47852,3317.857257,7.40E+02,
168,1391195.942,1321189.67,70006.27177,962.3629579,2.92E+02,
169,1301968.436,1243095.91,58872.52603,988.023129,2.80E+02,
170,1276480.85,1252649.847,23831.00302,1398.124242,3.89E+02,
171,1309499.553,1307230.715,2268.837741,2755.475013,7.86E+02,
172,1226424.792,1218190.401,8234.391384,855.8816531,2.29E+02,
173,1173410.453,1105440.715,67969.73807,4026.921145,1.03E+03,
174,1542378.325,1525823.693,16554.63167,0.00010299,3.46E-05,
175,1316083.753,1231243.819,84839.93352,416.7384014,1.19E+02,
176,1433738.168,1359123.677,74614.49065,396.9347117,1.24E+02,
177,1414294.126,1354775.619,59518.5066,431.3345821,1.33E+02,
178,1372219.235,1290791.063,81428.1718,1694.388197,5.06E+02,
179,1287133.041,1253545.373,33587.66842,2088.573095,5.85E+02,
180,1220590.923,1150846.422,69744.50101,3215.932292,8.55E+02,
181,1416789.064,1339014.67,77774.39418,154.03312,4.75E+01,
182,1388005.854,1250715.973,137289.8806,1785.965084,5.40E+02,
183,1288117.964,1214547.095,73570.86937,559.8478427,1.57E+02,
184,1410343.279,1255293.19,155050.0895,733.0218813,2.25E+02,
185,1323785.318,1224997.732,98787.58616,765.2307928,2.21E+02,
186,1184118.883,1179532.991,4585.891814,1401.717228,3.61E+02,
187,1379283.502,1370307.117,8976.384955,463.5074394,1.39E+02,
188,1394434.262,1342467.592,51966.66961,2082.78879,6.32E+02,
189,1421882.596,1342688.805,79193.7911,335.5002462,1.04E+02,
190,1361287.548,1282580.731,78706.81702,18.65157149,5.53E+00,
191,1360220.488,1258174.603,102045.8848,276.4288708,8.19E+01,
192,1441772.142,1429353.198,12418.94352,779.0516504,2.45E+02,
193,1380447.015,1335857.376,44589.63859,1397.851554,4.20E+02,
194,1514253.061,1511271.585,2981.476153,0.058064883,1.91E-02,
195,1432232.149,1428525.737,3706.411681,768.4921023,2.40E+02,
196,1321428.234,1265290.149,56138.085,2570.008504,7.39E+02,
197,1527818.955,1526475.977,1342.97774,596.508066,1.98E+02,
198,1423810.879,1422400.842,1410.036612,1190.290257,3.69E+02,
199,1303555.252,1259111.142,44444.10987,2572.946921,7.30E+02,
200,1420369.468,1415433.082,4936.386407,19.59265067,6.06E+00,
201,1425521.317,1382153.259,43368.05824,3319.60921,1.03E+03,
202,1285529.986,1263096.259,22433.72733,1818.221543,5.09E+02,
205,1344871.692,1333460.08,11411.61206,1176.268199,3.44E+02,
206,1297234.485,1279752.265,17482.21972,3788.913002,1.07E+03,
207,1283219.616,1261879.846,21339.76988,3293.28886,9.20E+02,
208,1477350.296,1474526.387,2823.908966,0.000106658,3.43E-05,
209,1339146.932,1331963.481,7183.45082,888.3124827,2.59E+02,
210,1478752.224,1471351.31,7400.91448,1051.113321,3.38E+02,
211,1472362.95,1468726.554,3636.395966,880.1982681,2.82E+02,
212,1382939.155,1362611.677,20327.47804,2241.42511,6.75E+02,
213,1407424.617,1281586.537,125838.0796,732.4879464,2.24E+02,
214,1270978.681,1180350.307,90628.3741,1761.467124,4.87E+02,
215,1573991.321,1571641.069,2350.251622,1537.885857,5.27E+02,
216,1352325.613,1345783.667,6541.94597,178.2657128,5.25E+01,
217,1439258.534,1427141.686,12116.84847,422.0436021,1.32E+02,
218,1388617.346,1348244.6,40372.74616,1438.397717,4.35E+02,
219,1353104.233,1309968.944,43135.28908,1533.723374,4.52E+02,
220,1283963.212,1198479.853,85483.35884,880.3732715,2.46E+02,
221,1196586.658,1045809.287,150777.371,1456.997777,3.80E+02,
222,1367562.718,1351069.397,16493.32144,0.000106658,3.18E-05,
223,1162627.656,1153734.228,8893.427543,524.8379544,1.33E+02,
224,1435709.94,1432453.695,3256.245373,0.000106658,3.33E-05,
225,1154313.765,1146856.064,7457.701421,0.000106658,2.68E-05,
226,940944.8092,935771.4235,5173.385697,1780.474452,3.65E+02,
227,1061892.701,1052352.613,9540.088168,3008.323102,6.96E+02,
228,1084406.434,1069946.934,14459.49972,2692.316866,6.36E+02,
229,1047373.544,1032709.114,14664.42962,3334.655024,7.60E+02,
230,929473.3755,915157.1783,14316.19717,3590.056708,7.27E+02,
231,1049548.352,1036218.785,13329.56737,2661.349366,6.08E+02,
232,1078214.257,1051640.025,26574.23177,1745.419444,4.10E+02,
233,1115599.981,1090560.193,25039.78789,2017.405038,4.90E+02,
236,1048528.196,1027487.201,21040.99503,1422.957496,3.25E+02,
237,979320.2678,972521.3793,6798.888479,1643.675357,3.50E+02,
238,1000813.357,990812.9277,10000.42916,342.8875586,7.47E+01,
239,1297127.312,1282980.971,14146.34136,625.9179253,1.77E+02,
240,1446250.465,1438010.067,8240.397857,1301.419214,4.10E+02,
241,1118456.998,1112541.929,5915.068735,1628.008541,3.96E+02,
242,1174355,1168448.059,5906.941492,2617.974598,6.69E+02,
243,1225929.789,1214351.255,11578.53431,1173.830968,3.13E+02,
244,1444124.203,1435883.805,8240.398215,553.0395378,1.74E+02,
245,1250390.798,1247363.505,3027.292812,2212.322931,6.02E+02,
246,1231754.972,1226550.5,5204.472357,1917.14988,5.14E+02,
247,1269730.364,1264659.644,5070.720269,1191.479637,3.29E+02,
248,1298258.769,1289923.853,8334.916465,1636.834087,4.63E+02,
249,1303841.428,1295520.952,8320.476099,1571.425648,4.46E+02,
250,1178535.576,1176518.062,2017.514173,1418.779207,3.64E+02,
251,1141433.295,1139335.846,2097.448717,3283.828509,8.16E+02,
252,1000881.949,976513.2498,24368.69922,1812.468904,3.95E+02,
253,1102297.625,1098176.026,4121.598558,2197.184302,5.27E+02,
254,1339171.967,1333610.226,5561.741278,755.8512121,2.20E+02,
255,1290245.444,1283212.915,7032.528564,1102.50463,3.10E+02,
256,1229948.268,1223839.54,6108.72847,1326.111275,3.55E+02,
257,1166989.777,1161602.848,5386.928822,1462.122678,3.72E+02,
258,1300825.867,1234967.751,65858.11618,2632.802691,7.46E+02,
259,1172253.339,1171257.803,995.5362387,1728.913998,4.41E+02,
260,1146570.255,1139219.732,7350.522768,1491.125109,3.72E+02,
261,1064702.31,1058755.425,5946.88509,2561.214821,5.94E+02,
262,1152740.326,1092001.707,60738.61933,1202.100878,3.02E+02,
263,1016003.548,1005716.439,10287.10877,9.96E-05,2.20E-05,
264,1256852.716,1245265.625,11587.09149,9.96E-05,2.73E-05,
265,1029476.83,1027556.211,1920.618611,30.00261394,6.73E+00,
266,984069.1475,982278.1826,1790.964937,9.96E-05,2.13E-05,
267,1030157.72,921284.1338,108873.5858,780.0654966,1.75E+02,
268,1280870.725,1186794.774,94075.95073,1428.763101,3.98E+02,
270,1358190.775,1317647.276,40543.49928,2268.788629,6.71E+02,
271,1279322.536,1246408.323,32914.21337,1856.692116,5.17E+02,
272,1169157.932,1086133.56,83024.37242,686.927444,1.75E+02,
273,1163403.257,1046974.578,116428.6789,4770.646254,1.21E+03,
274,1272872.878,1235154.688,37718.18994,1222.797266,3.39E+02,
275,1178202.908,1165050.361,13152.54681,674.8881531,1.73E+02,
276,1040277.09,1019031.751,21245.33861,2632.172885,5.96E+02,
277,1196021.766,1179817.055,16204.71108,1461.757628,3.81E+02,
278,1041876.553,1000907.385,40969.16766,3054.493426,6.93E+02,
279,1297214.002,1285190.337,12023.66473,0.00010416,2.94E-05,
280,1005144.569,977324.7474,27819.82192,3371.402158,7.38E+02,
281,1092630.621,1079465.457,13165.1638,1027.829607,2.45E+02,
282,971826.1321,946735.5853,25090.54684,1062.217232,2.25E+02,
283,1215260.601,1106901.713,108358.8876,1100.8175,2.91E+02,
284,1187002.589,1091090.842,95911.74696,1099.528193,2.84E+02,
285,1071143.25,1056841.731,14301.51929,711.1931635,1.66E+02,
286,928707.7662,913939.8112,14767.95496,2441.284112,4.94E+02,
287,1162631.356,1007924.905,154706.4507,948.8427096,2.40E+02,
288,976397.0457,921142.3715,55254.67423,879.5960968,1.87E+02,
289,1021739.887,917126.4277,104613.4592,612.2937588,1.36E+02,
290,908556.7584,873996.9246,34559.83378,1100.8175,2.18E+02,
291,1324087.883,1297894.122,26193.76084,299.9559998,8.65E+01,
292,1237364.411,1186722.081,50642.33037,440.2949646,1.19E+02,
300,917863.8432,916684.573,1179.270194,2314.259039,4.63E+02,
301,850238.1868,848887.5223,1350.664513,1937.487865,3.59E+02,
302,861559.9657,853545.0795,8014.886213,2710.028616,5.08E+02,
303,933715.7392,925275.9512,8439.788011,1163.285346,2.36E+02,
304,989241.9745,986264.5687,2977.40577,3039.444658,6.55E+02,
305,1128595.345,1117832.651,10762.6941,972.8453837,2.39E+02,
306,952671.2257,950534.9268,2136.298921,1454.954356,3.02E+02,
307,1109007.699,1100476.436,8531.263003,1460.411786,3.53E+02,
308,1040974.773,1033714.444,7260.328999,2252.709441,5.11E+02,
309,1273367.504,1271252.421,2115.082995,569.5424829,1.58E+02,
310,1118980.663,1113076.876,5903.786871,1638.367218,3.99E+02,
311,856093.3945,851640.4564,4452.938098,3660.466096,6.82E+02,
312,952249.8471,949336.6622,2913.1849,1326.557155,2.75E+02,
313,1064856.986,1058851.733,6005.252826,843.3960704,1.96E+02,
314,1102808.368,1093958.384,8849.983667,1603.046017,3.85E+02,
315,1106172.699,1098388.124,7784.575027,976.1984711,2.35E+02,
316,1069436.849,1055416.792,14020.05686,2212.493286,5.15E+02,
317,1144175.63,1137407.82,6767.810374,3747.431467,9.34E+02,
318,1115290.869,1101730.494,13560.37498,873.2912473,2.12E+02,
319,1220042.838,1217356.359,2686.478547,2531.495244,6.72E+02,
320,1202781.72,1199762.168,3019.552074,2761.25553,7.23E+02,
321,1148207.187,1140666.629,7540.558416,3540.694784,8.85E+02,
322,1122694.749,1114853.929,7840.820387,1139.380745,2.79E+02,
323,1053193.107,1051381.926,1811.180952,1543.49496,3.54E+02,
324,993218.7367,992170.5754,1048.161342,1560.230556,3.37E+02,
325,1071352.92,1060292.919,11060.00113,1432.232182,3.34E+02,
328,1197755.338,1195380.658,2374.679952,1166.549497,3.04E+02,
329,1097933.076,1095789.554,2143.522011,2122.310797,5.07E+02,
330,901715.5128,899794.3039,1921.208866,36.85161292,7.24E+00,
331,1291231.508,1287726.516,3504.991754,2544.359715,7.15E+02,
332,876465.7764,874731.1216,1734.654837,4.747803802,9.06E-01,
333,1181373.437,1175916.691,5456.745938,1652.965387,4.25E+02,
334,89766.0082,89766.0082,1.40001E-06,751.2151891,1.47E+01,
400,148696.9696,102576.697,46120.2726,0.001344959,4.35E-05,
401,431745.8756,143050.1302,288695.7454,188.1542217,1.77E+01,
402,441296.3376,152060.3472,289235.9904,0.001344959,1.29E-04,
405,777831.1433,567499.1507,210331.9926,2458.01511,4.16E+02,
406,594292.1072,383648.9229,210643.1843,2875.215287,3.72E+02,
407,777647.8588,578806.3505,198841.5083,766.0710867,1.30E+02,
408,780938.0302,632384.2203,148553.8099,5026.932709,8.55E+02,
409,1005531.578,1004835.983,695.5948772,0.000103298,2.26E-05,
410,1111468.852,1110394.05,1074.80159,13.20672863,3.20E+00,
411,1332237.157,1332042.951,194.2063201,6396.306085,1.86E+03,
412,1009313.631,903907.1521,105406.4786,2923.389117,6.42E+02,
413,833792.7877,767494.1719,66298.61578,3968.416976,7.20E+02,
414,987869.9343,949689.5073,38180.427,2752.859835,5.92E+02,
415,795407.2635,714032.2705,81374.99297,2832.582041,4.91E+02,
416,897313.3307,757062.4687,140250.862,2871.996293,5.61E+02,
417,721428.0066,662995.1605,58432.84613,2999.378897,4.71E+02,
418,1098221.872,1058916.5,39305.37167,846.863926,2.03E+02,
420,871228.4555,844819.7232,26408.73228,1247.982619,2.37E+02,
421,633041.559,585551.1319,47490.42707,1425.943213,1.97E+02,
422,594767.8261,549963.1175,44804.70859,2537.678521,3.29E+02,
423,607595.7212,563220.5766,44375.14463,8.76E-05,1.16E-05,
424,573254.6753,522965.445,50289.23027,3075.033931,3.84E+02,
425,464811.7918,432077.543,32734.24882,3570.361542,3.61E+02,
426,670837.075,626506.734,44330.34097,8.76E-05,1.28E-05,
428,327004.225,118137.9721,208866.2529,1.942623951,1.38E-01,
429,123048.5206,108000.218,15048.30258,1.942623951,5.20E-02,
430,39602.28354,39602.28354,3.07E-06,1.942623951,1.68E-02,
433,1154208.436,1153027.202,1181.234319,28.34772823,7.12E+00,
434,961415.4216,959593.2032,1822.218393,27.43322096,5.74E+00,
435,61404.41095,51075.49511,10328.91584,8.43E-05,1.13E-06,
500,907977.4718,889524.221,18453.25084,2118.3223,4.19E+02,
501,810976.1073,802580.6607,8395.446645,4160.293619,7.35E+02,
502,828017.2786,824355.3061,3661.972535,2877.416349,5.19E+02,
503,777933.1872,691648.9906,86284.19659,3113.476976,5.27E+02,
504,723319.6076,704952.5893,18367.0183,3641.912196,5.74E+02,
505,882807.8603,723507.4149,159300.4454,3747.57856,7.20E+02,
508,640667.3212,631804.6174,8862.703776,4127.419959,5.76E+02,
509,612294.5573,586817.6638,25476.89348,3044.183114,4.06E+02,
510,702532.4796,588645.6455,113886.8341,4870.6753,7.45E+02,
511,794844.8347,788134.6585,6710.176174,4065.658178,7.04E+02,
512,742349.2262,706326.1701,36023.05615,2532.908966,4.09E+02,
513,747986.9702,629597.8885,118389.0817,2011.097504,3.28E+02,
514,761867.7262,673586.5733,88281.15286,2119.056979,3.52E+02,
517,1243830.619,1242305.476,1525.14282,789.276579,2.14E+02,
518,1091976.504,1087121.534,4854.969975,1007.119856,2.39E+02,
519,987702.754,984017.6497,3685.10434,2080.351257,4.47E+02,
520,1036221.701,1033573.341,2648.36018,2383.700569,5.38E+02,
521,959195.5251,958816.4255,379.0995776,2291.915717,4.79E+02,
522,905065.3105,844952.8101,60112.50037,1967.840995,3.88E+02,
523,915166.4204,906475.2847,8691.135669,3279.019744,6.53E+02,
524,868563.0535,739122.3635,129440.69,2702.023151,5.11E+02,
525,1174610.839,1160834.837,13776.0015,1559.752131,3.99E+02,
527,796433.5887,755623.9311,40809.65765,2.87702556,4.99E-01,
530,838816.8026,832003.8734,6812.929204,1538.118538,2.81E+02,
531,986684.3222,966621.3605,20062.96168,2010.809879,4.32E+02,
532,963399.5684,855764.6883,107634.8801,2330.754603,4.89E+02,
533,839456.9326,767721.8767,71735.0559,2165.268005,3.96E+02,
534,1164553.38,1141921.377,22632.00319,1511.870197,3.83E+02,
535,988299.9892,950995.4326,37304.55659,868.6523493,1.87E+02,
536,1100595.627,1024634.566,75961.06094,492.0863265,1.18E+02,
537,1229749.072,1219656.855,10092.21705,1091.697457,2.92E+02,
538,814453.5581,771253.8832,43199.6749,1767.558827,3.13E+02,
539,1276949.086,1272131.285,4817.800688,1566.52546,4.36E+02,
540,685797.3169,653720.5399,32076.777,2089.486246,3.12E+02,
541,1134541.078,1100117.198,34423.87965,1364.232267,3.37E+02,
542,843882.5121,806393.8131,37488.69902,1431.665336,2.63E+02,
543,732343.704,711747.6352,20596.06883,1124.40323,1.79E+02,
544,718719.6131,701348.4105,17371.20261,1299.806394,2.03E+02,
545,863548.9507,826451.8866,37097.06412,3892.064883,7.32E+02,
548,484842.189,240745.0979,244097.0911,3087.921967,3.26E+02,
549,470198.6629,330597.5378,139601.1251,3260.416726,3.34E+02,
550,592020.5683,585143.9817,6876.586628,3392.433596,4.37E+02,
551,454409.7611,327992.0021,126417.759,1781.22771,1.76E+02,
554,1056777.107,978622.9953,78154.11204,163.8517859,3.77E+01,
555,1208470.195,1064275.188,144195.0074,1897.676492,4.99E+02,
556,1237393.84,1167884.604,69509.23624,1619.075333,4.36E+02,
557,1194769.375,1002102.949,192666.426,2693.797695,7.01E+02,
558,1139753.472,1078378.438,61375.03384,2634.967264,6.54E+02,
559,1243750.026,1175393.912,68356.11439,1207.292551,3.27E+02,
560,1095224.79,968361.9451,126862.8446,159.2700973,3.80E+01,
561,1196785.801,1000601.844,196183.9565,1552.136504,4.04E+02,
562,1172356.861,1030261.588,142095.2734,1558.450175,3.98E+02,
563,1233286.159,1090556.433,142729.7262,222.0617395,5.96E+01,
564,1008717.482,981813.4798,26904.00231,2536.982929,5.57E+02,
565,1086853.541,1034483.255,52370.28591,0.000103157,2.44E-05,
566,1088010.803,1077620.026,10390.77712,0.000103157,2.44E-05,
567,1046509.448,954962.7429,91546.70507,34.56020565,7.87E+00,
570,313826.4678,124340.0808,189486.387,899.343123,6.15E+01,
571,501324.6537,298894.8357,202429.818,1877.192457,2.05E+02,
572,530366.9919,367027.4184,163339.5735,1662.924016,1.92E+02,
573,606498.2079,509767.6747,96730.53323,2091.703634,2.76E+02,
574,695082.9326,588063.4819,107019.4507,3546.087232,5.37E+02,
575,491176.9073,127784.9854,363391.9219,2492.749538,2.67E+02,
577,959400.4791,945346.6883,14053.79075,2646.404527,5.53E+02,
578,1101993.806,979334.4836,122659.3225,3113.072967,7.47E+02,
579,1146443.029,1137053.725,9389.304413,1503.44136,3.75E+02,
580,964550.806,957039.6639,7511.142139,794.0811464,1.67E+02,
600,819400.6169,744860.3498,74540.26714,1436.253013,2.56E+02,
601,746601.1806,644632.7553,101968.4253,3357.915455,5.46E+02,
602,806478.6501,746517.6799,59960.97024,3370.899661,5.92E+02,
603,810247.4653,647929.9365,162317.5288,3306.36293,5.83E+02,
604,774927.4643,707446.5951,67480.86916,4246.706777,7.17E+02,
605,805424.232,715113.9001,90310.33186,2809.125173,4.93E+02,
606,744853.645,695182.208,49671.43701,2864.9511,4.65E+02,
607,563932.3796,535576.1231,28356.25646,1713.915258,2.10E+02,
608,626181.014,587367.9984,38813.01563,4189.870633,5.71E+02,
609,991504.902,952798.6245,38706.27755,2934.489672,6.34E+02,
610,831686.6634,762655.4015,69031.26191,1269.013158,2.30E+02,
611,1185338.627,1134748.328,50590.29923,3474.275445,8.97E+02,
612,946493.9481,911262.4784,35231.4697,3195.47453,6.59E+02,
613,1160949.421,1140106.689,20842.73184,2818.870227,7.13E+02,
614,920290.2373,894085.1554,26205.08186,1862.873811,3.73E+02,
615,953339.5415,942035.9583,11303.58317,3412.731785,7.08E+02,
616,818421.3248,780993.3417,37427.98314,0.000105442,1.88E-05,
617,935170.3022,904031.5752,31138.72702,946.7740973,1.93E+02,
618,972105.5542,956780.2812,15325.27299,2732.47367,5.78E+02,
619,898876.3925,872674.3586,26202.0339,3341.57924,6.54E+02,
620,913692.1145,877329.4386,36362.67594,2086.514038,4.15E+02,
621,902135.6466,888171.9346,13963.71198,2932.508341,5.76E+02,
622,885728.4168,859972.715,25755.7018,1130.421881,2.18E+02,
624,543615.3377,503871.5761,39743.76162,2806.933987,3.32E+02,
625,513892.886,454646.541,59246.34496,1756.790345,1.97E+02,
626,24391.29071,24235.37775,155.9129597,1751.210111,9.30E+00,
627,529287.8136,431776.1093,97511.70427,2607.361208,3.00E+02,
628,430864.5154,260402.1256,170462.3898,2169.228841,2.04E+02,
629,474360.0838,404636.8669,69723.21692,4121.724933,4.26E+02,
630,682637.0597,450944.2315,231692.8282,1960.764054,2.91E+02,
631,516857.9898,458714.643,58143.34676,2094.455807,2.36E+02,
632,291323.0392,182262.2633,109060.7759,2658.483962,1.69E+02,
633,364972.1728,188164.8091,176807.3637,2347.967828,1.87E+02,
634,185137.0657,84572.68547,100564.3803,770.0788126,3.10E+01,
635,18269.45814,16009.73895,2259.71919,0.000112281,4.47E-07,
636,890324.2632,813690.1609,76634.10234,2509.102249,4.86E+02,
637,890678.2648,848985.8386,41692.4262,3839.253404,7.45E+02,
638,739771.0916,640522.6199,99248.47168,2897.230666,4.67E+02,
639,591750.391,536722.9264,55027.46458,1624.390985,2.09E+02,
640,752662.0397,706479.1362,46182.90349,4261.859826,6.98E+02,
641,586554.5815,548632.8254,37921.75607,3427.2761,4.38E+02,
642,741868.3814,671484.3902,70383.99124,1963.641114,3.17E+02,
643,767344.7296,639023.9942,128320.7354,3018.346944,5.04E+02,
644,754749.9867,623786.5615,130963.4252,2470.46551,4.06E+02,
645,660753.0723,598318.3382,62434.73414,752.245656,1.08E+02,
646,634685.6777,564316.9964,70368.6813,3673.660808,5.08E+02,
647,570367.562,519095.3274,51272.23463,2187.526738,2.72E+02,
650,889754.9332,861827.21,27927.72321,2866.818739,5.55E+02,
651,926659.0877,867778.0234,58881.06425,3678.510945,7.42E+02,
652,907190.4745,885015.7556,22174.71891,2263.025805,4.47E+02,
653,875993.7904,836965.2864,39028.50404,1511.78053,2.88E+02,
654,997217.3862,992389.6168,4827.769365,2687.485296,5.84E+02,
655,865330.4025,836755.8131,28574.58943,4841.378685,9.12E+02,
656,1108680.824,1104564.164,4116.660033,70.04046825,1.69E+01,
657,929668.4193,922206.0393,7462.379988,4472.002741,9.05E+02,
658,798602.3163,790822.2951,7780.021203,2308.031923,4.01E+02,
659,816634.6783,797337.6848,19296.99347,651.0972864,1.16E+02,
660,897570.7008,853986.7166,43583.9842,3216.795286,6.29E+02,
661,800402.7366,773754.8833,26647.85329,2205.192446,3.84E+02,
662,566277.0658,509482.509,56794.55682,810.3315117,9.99E+01,
663,779501.5715,761800.2736,17701.2979,225.5083378,3.83E+01,
664,675896.5028,671864.2069,4032.295938,2758.692998,4.06E+02,
665,1057514.344,1054766.544,2747.799801,1511.593588,3.48E+02,
666,1431756.101,1425845.378,5910.723494,1567.136113,4.89E+02,
667,1106470.252,1105269.828,1200.424342,696.7393891,1.68E+02,
668,1399219.946,1396795.28,2424.66562,2117.934632,6.45E+02,
700,660600.133,656567.8371,4032.295898,2009.130965,2.89E+02,
701,467385.4678,467385.4678,-1.288E-05,2793.43229,2.84E+02,
702,804554.1994,799764.5647,4789.634742,3371.898018,5.91E+02,
703,736073.8224,733438.2103,2635.612101,2223.251486,3.56E+02,
704,719372.1837,718207.5865,1164.597215,2115.448138,3.31E+02,
705,1192784.141,1182686.344,10097.79659,2363.330331,6.14E+02,
706,1135464.589,1125994.219,9470.36962,1409.481407,3.48E+02,
707,1135624.101,1133504.238,2119.86289,2203.74078,5.45E+02,
710,1156950.721,1155837.282,1113.439304,6234.69816,1.57E+03,
711,1415822.266,1414763.864,1058.401775,95.91051375,2.96E+01,
712,1220735.721,1220735.721,-0.00012394,3415.120023,9.08E+02,
713,992583.2583,986783.2856,5799.972686,1613.208144,3.49E+02,
714,799487.9823,796301.7246,3186.257692,2455.254973,4.27E+02,
715,515475.0237,511907.7714,3567.25227,59.03959299,6.63E+00,
716,918389.4138,914289.5439,4099.869934,1894.4172,3.79E+02,
717,247892.6897,247892.6897,-4.686E-05,1554.016919,8.39E+01,
718,1157642.913,1156202.518,1440.395197,2299.222799,5.80E+02,
719,1482799.699,1478434.932,4364.767328,604.5423487,1.95E+02,
720,1200613.808,1190381.48,10232.32772,576.5268472,1.51E+02,
723,1099449.864,1094792.323,4657.54123,2509.848709,6.01E+02,
724,925145.0947,919138.2628,6006.831883,1338.090531,2.70E+02,
725,1126174.831,1113954.381,12220.44964,3723.574557,9.13E+02,
726,820966.0101,819309.1241,1656.885998,3718.9361,6.65E+02,
727,881753.1728,880030.0879,1723.084864,2574.728544,4.94E+02,
728,873986.1081,870999.0674,2987.040665,3013.455818,5.73E+02,
731,948769.4844,941581.0964,7188.388018,2341.531687,4.84E+02,
732,812569.3899,806528.343,6041.046885,2537.408848,4.49E+02,
733,1066706.656,1059884.294,6822.361777,3264.775049,7.58E+02,
734,1111005.718,1100479.395,10526.32282,3293.934418,7.97E+02,
735,893962.3661,888504.0423,5458.323794,2697.592473,5.25E+02,
736,1506049.71,1494061.423,11988.28725,133.0827586,4.36E+01,
737,1166477.507,1161913.196,4564.311355,3190.2116,8.10E+02,
738,1306209.687,1296339.426,9870.261425,1617.107872,4.60E+02,
739,1290586.819,1285517.724,5069.094815,1370.251922,3.85E+02,
740,1318147.44,1314005.852,4141.588357,8.47E-05,2.43E-05,
741,1377667.172,1369110.045,8557.127456,547.8206953,1.64E+02,
742,1381168.377,1372938.957,8229.419772,674.2957592,2.03E+02,
743,1020293.295,1017598.987,2694.308479,2434.365741,5.41E+02,
744,1210546.028,1203552.322,6993.706035,2380.355295,6.27E+02,
745,963127.2349,959678.8444,3448.390505,9.51E-05,1.99E-05,
800,429519.7239,428586.3036,933.4203214,9.51E-05,8.89E-06,
801,894085.9922,890066.2614,4019.73076,3394.242151,6.61E+02,
802,993831.9192,992475.5645,1356.35466,1634.759764,3.54E+02,
803,955129.6853,946680.0632,8449.622056,1958.458237,4.07E+02,
804,1107032.316,1101459.385,5572.930669,2723.775443,6.57E+02,
805,887174.9307,850004.0728,37170.85786,2056.491282,3.97E+02,
806,977610.9349,974089.4715,3521.463371,1602.786478,3.41E+02,
807,1276679.739,1270614.585,6065.153685,2018.587296,5.61E+02,
808,1197353.721,1193933.873,3419.848096,1239.899161,3.23E+02,
812,949522.2336,947210.9838,2311.249764,2651.620896,5.48E+02,
813,907075.3294,890907.6788,16167.65061,2697.268428,5.33E+02,
814,836414.2013,824462.6031,11951.5982,2693.313308,4.90E+02,
815,779079.2763,765344.6529,13734.62336,1818.947867,3.09E+02,
816,949848.7475,934704.9208,15143.82673,2767.547284,5.72E+02,
817,983120.2737,968497.2635,14623.01016,1464.130404,3.13E+02,
818,883145.8631,865398.9693,17746.89382,3479.633283,6.69E+02,
819,965141.6149,950898.4238,14243.19106,2714.081875,5.70E+02,
820,950460.3597,939738.5539,10721.80578,3714.730452,7.69E+02,
821,996729.395,992707.0645,4022.330519,3586.726203,7.78E+02,
824,1177692.736,1172868.523,4824.212958,2467.644045,6.33E+02,
825,1199218.66,1189934.288,9284.372013,1032.790738,2.70E+02,
826,1304561.997,1302781.389,1780.607863,2165.307318,6.15E+02,
827,1286480.377,1281372.462,5107.914914,458.6981098,1.28E+02,
828,1420142.626,1408322.97,11819.65596,0.000103572,3.20E-05,
829,782772.37,774910.7313,7861.638724,273.359825,4.66E+01,
830,888791.3642,886091.9849,2699.379258,0.000103572,2.00E-05,
831,1232900.741,1227997.447,4903.294333,3011.468957,8.08E+02,
832,1092363.345,1077406.531,14956.81385,13.37140097,3.18E+00,
833,980434.2482,977630.0691,2804.179059,2952.498518,6.30E+02,
834,974984.3243,971616.0308,3368.293524,2294.860574,4.87E+02,
835,931830.7762,921653.9714,10176.80478,0.000103572,2.10E-05,
836,1423864.847,1414478.691,9386.155752,0.000103572,3.21E-05,
837,1184814.303,1178496.353,6317.949679,0.000103572,2.67E-05,
894,1379823.239,1377564.187,2259.051753,709.7370257,2.13E+02,
895,1468180.439,1467284.923,895.5164962,1375.137474,4.40E+02,
896,1541349.747,1531125.306,10224.44137,821.0942867,2.76E+02,
897,992996.1043,982613.3034,10382.80085,2249.700801,4.86E+02,
898,1170235.426,1170011.639,223.78745,2072.697091,5.28E+02,
899,920826.7608,910148.9382,10677.82262,2007.732993,4.03E+02,
900,924691.5159,921892.3378,2799.178113,3426.868306,6.90E+02,
901,1018201.041,1013672.794,4528.247103,3867.484846,8.57E+02,
902,1033833.238,1030705.001,3128.237126,4432.223998,9.98E+02,
903,1034027.454,1031875.76,2151.69445,1940.63233,4.37E+02,
904,1341280.415,1337769.457,3510.958395,1077.638069,3.15E+02,
905,940140.6775,938368.7215,1771.95602,3202.235833,6.55E+02,
906,956610.3887,948332.641,8277.747684,3502.39646,7.30E+02,
907,848561.3291,847171.7857,1389.543409,2073.823067,3.83E+02,
910,1412607.165,1404221.448,8385.717301,1464.865842,4.51E+02,
911,1088605.634,1085209.325,3396.309312,1984.549784,4.70E+02,
912,956402.3377,951361.4914,5040.846326,1535.249618,3.20E+02,
913,1514912.393,1503592.911,11319.4819,1357.359678,4.48E+02,
914,1083533.983,1078164.527,5369.456311,1644.215383,3.88E+02,
915,1441594.874,1437621.039,3973.834694,1772.596615,5.56E+02,
916,1089895.628,1086950.43,2945.197977,2000.775477,4.75E+02,
917,1384087.201,1381109.795,2977.40588,2571.714882,7.75E+02,
918,1241015.265,1238590.6,2424.665012,603.2709014,1.63E+02,
919,1065238.363,1064059.093,1179.270189,1401.77238,3.25E+02,
920,1134553.081,1131263.098,3289.983052,1894.780677,4.68E+02,
921,1302700.495,1302510.075,190.4202567,1658.818525,4.71E+02,
922,1130716.779,1125036.011,5680.768264,1442.92534,3.55E+02,
924,1057284.44,1053112.876,4171.56427,891.8814497,2.05E+02,
925,801252.9928,801252.9928,2.1762E-05,3364.552475,5.87E+02,
926,856359.6378,856359.6378,1.34192E-06,0.000109993,2.05E-05,
927,989506.9439,988816.9335,690.0103882,1187.300873,2.56E+02,
928,962360.8058,955232.7792,7128.026593,1268.831299,2.66E+02,
931,954266.9399,953439.7848,827.1551092,2445.307034,5.08E+02,
932,916157.2865,909519.7337,6637.552789,2963.793559,5.91E+02,
933,972337.9001,968801.7258,3536.174311,1925.292591,4.08E+02,
934,893883.7878,885476.0545,8407.733296,2460.874124,4.79E+02,
935,890745.96,889589.7007,1156.259347,3541.619633,6.87E+02,
936,884148.2118,881063.0242,3085.187563,4663.113059,8.98E+02,
939,1314682.26,1311662.708,3019.552219,2636.237426,7.55E+02,
940,988623.726,981646.1721,6977.5539,1896.96598,4.08E+02,
941,989358.3913,988115.2822,1243.109054,3094.933153,6.67E+02,
942,890930.1585,883248.2187,7681.939772,2433.936415,4.72E+02,
943,861665.6619,860307.5907,1358.071165,2759.964603,5.18E+02,
944,1003412.658,997943.1856,5469.472315,1827.039435,3.99E+02,
945,998573.8565,994329.0231,4244.833377,2012.94743,4.38E+02,
946,1017640.014,1008806.426,8833.5884,937.9755577,2.08E+02,
949,830964.0642,827276.4908,3687.573384,1647.94158,2.98E+02,
950,1100059.192,1096811.785,3247.407033,2407.527303,5.77E+02,
951,991059.9165,978930.2915,12129.62499,2683.008802,5.79E+02,
952,1301696.106,1295351.902,6344.203824,2625.679488,7.44E+02,
953,1330637.905,1327212.416,3425.489193,551.9331342,1.60E+02,
954,1128867.043,1127839.701,1027.342315,1486.761816,3.65E+02,
955,974449.478,973206.3689,1243.109096,2638.147877,5.60E+02,
958,1061331.906,1059638.862,1693.044399,1226.918081,2.84E+02,
959,260117.7616,260117.7616,1.506E-05,2242.850155,1.27E+02,
960,740168.7604,732007.78,8160.980397,2093.860117,3.37E+02,
961,1037144.604,1035014.44,2130.164009,363.4442702,8.21E+01,
962,878227.4975,875961.7094,2265.78815,0.000113795,2.18E-05,
963,1341158.971,1339829.706,1329.265336,835.8848124,2.44E+02,
964,1229934.987,1229459.705,475.2824528,4130.723931,1.11E+03,
965,928647.8503,924957.8124,3690.037926,1487.487579,3.01E+02,
966,1059892.324,1056219.144,3673.179861,2625.377456,6.06E+02,
967,1113002.758,1113002.758,-0.00033172,1165.513142,2.82E+02,
968,1199623.327,1193329.151,6294.175553,893.9403438,2.33E+02,
969,1512272.807,1504763.451,7509.356162,2793.378697,9.20E+02,
970,1592204.108,1582930.62,9273.488396,1705.273915,5.91E+02,
971,1563708.7,1558722.654,4986.045884,1649.093088,5.61E+02,
972,700760.6273,699151.1288,1609.498455,1810.391659,2.76E+02,
973,1097259.476,1096784.194,475.2818819,1740.669175,4.16E+02,
974,1439629.687,1431634.64,7995.046538,4455.297011,1.40E+03,
975,1218704.291,1214880.43,3823.861335,2386.029726,6.33E+02,
976,74366.28537,74366.28537,-1.32E-06,0.000106536,1.73E-06,
977,828274.1199,827430.6006,843.5192921,1519.956767,2.74E+02,
978,448069.9336,441928.9163,6141.017278,2123.349093,2.07E+02,
979,1115169.559,1114099.999,1069.560102,1518.106871,3.69E+02,
980,1138290.813,1137815.531,475.281946,934.6666453,2.32E+02,
981,802732.6741,801889.1549,843.5192343,1678.139875,2.93E+02,
982,1010396.94,1008634.853,1762.086893,1979.647372,4.36E+02,
983,980967.8893,972884.6662,8083.223072,3726.066597,7.96E+02,
984,61473.06814,61473.06814,-3.98E-06,16.93340339,2.27E-01,
999,732442.6554,729847.5041,2595.151345,892.3247612,1.42E+02,
1000,200462.0382,200462.0382,1.358E-05,4493.102044,1.96E+02,
1001,149756.5835,149756.5835,-5.82001E-06,15.16222228,4.94E-01,
1002,198836.5795,198836.5795,-1.553E-05,2348.458647,1.02E+02,
1003,414755.8403,414755.8403,-3.781E-05,2296.308281,2.07E+02,
1004,171188.289,171188.289,-2.932E-05,2678.90129,9.99E+01,
1005,240782.8696,240782.8696,-3.528E-05,2517.845014,1.32E+02,
1006,860277.3737,860006.2693,271.1043897,1093.064524,2.05E+02,
1007,1316537.897,1303767.168,12770.72871,2087.252214,5.98E+02,
1008,175314.4454,175314.4454,4.044E-05,1457.067515,5.56E+01,
1009,1141136.05,1135935.004,5201.046329,2433.983896,6.05E+02,
1010,347676.2751,347676.2751,1.71899E-05,1767.340945,1.34E+02,
1011,848337.3342,844267.114,4070.220235,2736.291866,5.05E+02,
1012,319813.0138,319813.0138,2.9655E-05,1851.581683,1.29E+02,
1013,827524.8735,821857.6974,5667.176079,800.3150964,1.44E+02,
1014,130128.8617,130128.8617,1.434E-05,490.225248,1.39E+01,
1015,496476.3765,496476.3765,4.7462E-05,549.9923233,5.95E+01,
1016,314171.8575,314171.8575,-2.0978E-05,2579.723706,1.76E+02,
1017,322515.8889,322515.8889,1.6717E-05,983.2056408,6.90E+01,
1018,366546.2699,366546.2699,-3.6788E-05,249.0483285,1.99E+01,
1019,951618.7304,951475.6448,143.0855812,2327.566002,4.82E+02,
1020,364288.2727,364288.2727,-3.3643E-05,2869.728924,2.28E+02,
1021,698133.9715,697128.5593,1005.412241,1820.687987,2.77E+02,
1022,264136.6935,264136.6935,2.879E-05,2315.160602,1.33E+02,
1023,940939.0171,935330.7788,5608.238294,281.3528769,5.76E+01,
1024,768423.6764,768423.6764,-4.98029E-05,1319.847305,2.21E+02,
1025,1017611.708,1017261.339,350.3689821,19.3706589,4.29E+00,
1026,1034471.738,1029765.633,4706.104983,2002.787831,4.51E+02,
1027,930578.7776,929514.8603,1063.917311,2328.500232,4.72E+02,
1028,480998.6837,480998.6837,-1.8275E-05,1259.915958,1.32E+02,
1029,523666.6064,523666.6064,-6.03497E-06,1674.886377,1.91E+02,
1030,1536793.15,1527692.63,9100.520482,0.748727969,2.51E-01,
1031,917371.0456,914630.178,2740.867556,1505.939859,3.01E+02,
1032,239977.7665,239977.7665,-1.8118E-05,2587.725425,1.35E+02,
1033,211301.9186,211301.9186,7.92698E-06,369.3923726,1.70E+01,
1034,89989.98115,89989.98115,-4.90007E-07,2687.861439,5.27E+01,
1035,178840.2496,178840.2496,-2.2213E-05,1028.080904,4.00E+01,
1036,1018524.922,1016788.807,1736.115035,4.285270465,9.50E-01,
1037,733122.015,729601.7144,3520.300582,1589.011121,2.54E+02,
1038,709562.7745,708374.6713,1188.103193,1480.284065,2.29E+02,
1039,578421.0578,578421.0578,1.86821E-05,1450.482685,1.83E+02,
1040,237299.1093,237299.1093,-1.2378E-05,3261.39602,1.69E+02,
1041,375155.752,375155.752,4.7072E-05,1128.288019,9.22E+01,
1042,262767.8635,262767.8635,-1.4868E-05,1645.868389,9.42E+01,
1043,308374.9534,308374.9534,-3.8608E-05,861.8365894,5.79E+01,
1044,588826.2459,588826.2459,-1.6538E-05,1748.61047,2.24E+02,
1045,857444.8559,855890.0855,1554.770392,518.5176063,9.68E+01,
1046,769574.4947,769574.4947,3.686E-05,1137.873898,1.91E+02,
1047,724235.0265,720714.726,3520.300542,2294.240743,3.62E+02,
1048,1088750.155,1084773.472,3976.683452,3984.305125,9.45E+02,
1049,1256105.286,1252087.183,4018.103149,41.54808782,1.14E+01,
1050,1363788.197,1359188.393,4599.8039,139.6224235,4.15E+01,
1051,826702.5236,823976.6472,2725.876418,8.468703115,1.52E+00,
1052,1295732.467,1286554.51,9177.95707,22.37202729,6.31E+00,
1053,1289450.086,1287319.922,2130.163739,377.1265111,1.06E+02,
1054,1288896.765,1275241.576,13655.18892,103.3367737,2.90E+01,
1055,1548005.991,1544090.405,3915.586455,11.54378289,3.89E+00,
1056,1179679.853,1177859.883,1819.970431,1952.958415,5.02E+02,
1057,1379599.267,1377311.945,2287.32233,740.5252304,2.22E+02,
1058,1316697.358,1313881.579,2815.778639,112.501949,3.23E+01,
1059,1462541.403,1457460.057,5081.345853,402.3032915,1.28E+02,
1060,1007745.165,1006900.492,844.6728366,946.0443652,2.08E+02,
1061,968265.298,968265.298,1.742E-05,1085.297322,2.29E+02,
1062,1195777.26,1189617.306,6159.954102,1101.712152,2.87E+02,
1063,947457.8146,947457.8146,9.11893E-06,2615.841907,5.40E+02,
1064,913588.907,913588.907,2.6629E-05,557.6191762,1.11E+02,
1065,1015823.91,1015040.48,783.430285,1078.718162,2.39E+02,
1066,781296.8981,774322.4861,6974.412002,614.8394056,1.05E+02,
1067,514139.6301,514139.6301,-4.9241E-05,3607.411521,4.04E+02,
1068,234143.5774,234143.5774,3.2835E-05,5.264339825,2.68E-01,
1069,939936.6842,938367.5985,1569.085713,1709.553282,3.50E+02,
1070,335645.8441,335645.8441,-1.014E-05,2189.503217,1.60E+02,
1071,109862.7904,109862.7904,3.6729E-05,0.000106287,2.54E-06,
1072,522728.0704,522728.0704,1.185E-05,2628.141387,2.99E+02,
1073,1007351.741,1007351.741,-0.00026137,0.331184743,7.26E-02,
1074,1259211.228,1253946.916,5264.312464,0.000106287,2.91E-05,
1075,279683.3273,279683.3273,-3.303E-05,1873.332983,1.14E+02,
1076,562664.368,562664.368,-3.3885E-05,3632.495197,4.45E+02,
1077,264526.6033,264526.6033,-2.61504E-06,2899.608449,1.67E+02,
1078,208715.1299,208715.1299,3.2835E-05,2126.794479,9.67E+01,
1079,285622.2566,285622.2566,-3.28E-05,1795.016061,1.12E+02,
1080,189396.8836,189396.8836,2.0845E-05,2206.429323,9.10E+01,
1081,301886.3054,301886.3054,-4.3775E-05,2211.251647,1.45E+02,
1082,439069.8818,439069.8818,3.29801E-05,1101.398106,1.05E+02,
1083,240505.9798,240505.9798,4.7695E-05,2768.567084,1.45E+02,
1084,679155.2196,671734.7762,7420.443421,1955.106671,2.89E+02,
1085,1150852.453,1149879.649,972.8038177,1293.736086,3.24E+02,
1087,302046.6014,302046.6014,-1.0758E-05,2030.786247,1.34E+02,
1088,516162.6908,516162.6908,3.732E-05,3451.884017,3.88E+02,
1089,395033.1035,395033.1035,3.4652E-05,3206.317656,2.76E+02,
1090,195714.8714,195714.8714,3.6172E-05,2355.012081,1.00E+02,
1091,173450.6038,173450.6038,-5.30001E-06,0.000106287,4.01E-06,
1092,94416.76371,94416.76371,-3.64E-06,0.000106287,2.19E-06,
1093,1228274.331,1227401.588,872.7429964,1227.870137,3.28E+02,
1095,1162643.652,1160440.738,2202.913536,1946.491353,4.93E+02,
1096,259339.9004,259339.9004,-6.34301E-06,1212.132562,6.84E+01,
1097,1026149.278,1023423.477,2725.801283,1697.556417,3.79E+02,
1099,1214043.527,1208211.254,5832.272932,2261.012242,5.98E+02,
1100,239452.2754,239452.2754,-3.6928E-05,1971.326337,1.03E+02,
1101,672629.8347,672629.8347,-3.9438E-05,3073.920023,4.50E+02,
1102,387467.8244,387467.8244,-4.6948E-05,3115.867881,2.63E+02,
1103,253860.9287,253860.9287,-8.85298E-06,4030.784201,2.23E+02,
1104,215535.1543,215535.1543,-4.7833E-05,988.9471299,4.64E+01,
1105,538656.5357,538656.5357,-9.78797E-06,3639.08802,4.27E+02,
1106,342050.2021,342050.2021,-4.2848E-05,1633.028259,1.22E+02,
1107,200528.5303,200528.5303,4.468E-05,3194.828977,1.39E+02,
1108,341611.0206,341611.0206,-1.5908E-05,1399.012387,1.04E+02,
1109,274536.3805,274536.3805,4.487E-06,2960.296519,1.77E+02,
1110,325477.1832,325477.1832,-2.3203E-05,651.7956149,4.62E+01,
1111,278349.6205,278349.6205,3.581E-05,1393.360835,8.44E+01,
1112,280567.9407,280567.9407,3.519E-05,538.138613,3.29E+01,
1113,222606.227,222606.227,3.788E-05,1540.0353,7.46E+01,
1114,149140.2995,149140.2995,5.00004E-08,2247.7829,7.30E+01,
1115,236506.8748,236506.8748,-2.52E-05,1991.751523,1.03E+02,
1116,218257.7438,218257.7438,3.928E-05,3084.791464,1.47E+02,
1117,251622.3281,251622.3281,4.905E-05,101.2304989,5.55E+00,
1118,305816.8342,305816.8342,-3.223E-05,2897.750204,1.93E+02,
1119,271951.8034,271951.8034,3.855E-05,12.10858535,7.17E-01,
1120,242043.3684,242043.3684,2.224E-05,13.0206153,6.86E-01,
1121,256712.9612,256712.9612,-2.09E-06,7.451474937,4.17E-01,
1122,293318.9197,293318.9197,4.569E-05,3406.410546,2.18E+02,
1123,287088.643,287088.643,-4.746E-05,2549.661326,1.59E+02,
1124,225589.7727,225589.7727,3.034E-05,1998.527496,9.82E+01,
1125,376716.483,376716.483,-3.963E-05,241.5345911,1.98E+01,
1126,355246.4419,355246.4419,-3.9775E-05,12.44402773,9.63E-01,
1127,137788.3874,137788.3874,-1.335E-05,1714.37497,5.14E+01,
1128,221642.6338,221642.6338,4.829E-05,1727.58437,8.34E+01,
1129,169744.8283,169744.8283,3.475E-05,2590.212007,9.57E+01,
1130,238329.0845,238329.0845,-3.2301E-05,2192.912239,1.14E+02,
1131,259031.5469,259031.5469,-3.969E-05,2414.089894,1.36E+02,
1132,144671.0271,144671.0271,2.872E-05,3945.638894,1.24E+02,
1133,210920.5138,210920.5138,2.01003E-06,949.4954794,4.36E+01,
1134,166058.6837,166058.6837,-1.282E-05,1568.687882,5.67E+01,
1135,191142.5763,191142.5763,-2.252E-05,1351.004264,5.62E+01,
1198,244201.3785,244201.3785,-1.7493E-05,522.9720888,2.78E+01,
1200,127901.3316,127901.3316,2.0875E-05,4502.567137,1.25E+02,
1201,202901.5183,202901.5183,-6.827E-06,2340.297733,1.03E+02,
1202,177797.4741,177797.4741,-4.0996E-05,0.000107313,4.15E-06,
1203,238309.9797,238309.9797,-2.8706E-05,2698.545322,1.40E+02,
1204,219133.5765,219133.5765,-2.8156E-05,1690.444315,8.07E+01,
1205,142472.9696,142472.9696,-3.8516E-05,0.000107313,3.33E-06,
1206,198553.2294,198553.2294,-2.0306E-05,3519.494343,1.52E+02,
1207,146636.4311,146636.4311,-3.4115E-05,4444.650936,1.42E+02,
1209,369100.5113,369100.5113,-2.1165E-05,8.86E-05,7.12E-06,
1210,206194.0336,206194.0336,3.0224E-05,4373.645299,1.96E+02,
1211,165776.2097,165776.2097,1.9964E-05,234.6795383,8.47E+00,
1212,166904.5529,166904.5529,-4.2356E-05,2534.907577,9.21E+01,
1213,192940.5975,192940.5975,-1.7496E-05,1131.102543,4.75E+01,
1214,189498.0791,189498.0791,-1.1616E-05,2228.960392,9.20E+01,
1215,203135.5147,203135.5147,3.8344E-05,210.0040633,9.29E+00,
1216,212063.1658,212063.1658,-2.1186E-05,3667.874201,1.69E+02,
1217,126087.8688,126087.8688,1.9815E-05,1667.826386,4.58E+01,
1218,481627.0684,481627.0684,-5.75598E-06,1104.566495,1.16E+02,
1219,516858.76,516858.76,-1.7356E-05,257.3812544,2.90E+01,
1220,1079662.366,1076215.319,3447.046524,249.10797,5.86E+01,
1221,411558.5191,411558.5191,-4.7436E-05,794.1803331,7.12E+01,
1222,831739.2248,831388.856,350.3687662,8.86E-05,1.60E-05,
1223,330086.8615,330086.8615,-1.9276E-05,2747.687398,1.97E+02,
1224,1060612.156,1054049.699,6562.456779,1061.722482,2.45E+02,
1225,301592.235,301592.235,-8.09599E-06,1004.384765,6.60E+01,
1226,594099.3596,593971.3408,128.0188351,3738.563633,4.84E+02,
1227,867413.2315,863222.882,4190.349534,8.86E-05,1.67E-05,
1228,510267.7722,509231.1938,1036.578369,1480.007082,1.64E+02,
1229,248645.3731,248645.3731,2.7784E-05,1705.160277,9.23E+01,
1230,346418.4386,346418.4386,-3.4065E-05,2495.698158,1.88E+02,
1231,268386.273,268386.273,-4.2185E-05,5202.539889,3.04E+02,
1234,169442.6195,169442.6195,-8.65001E-06,2109.972863,7.78E+01,
1235,168622.4098,168622.4098,3.627E-05,1880.975819,6.91E+01,
1236,156636.4631,156636.4631,-1.346E-05,2387.387874,8.14E+01,
1237,215540.4762,215540.4762,3.254E-05,1086.996286,5.10E+01,
1238,41897.06558,41897.06558,-4.2893E-06,0.000101306,9.24E-07,
1239,157281.7662,157281.7662,4.08999E-06,3088.960223,1.06E+02,
1240,162611.1483,162611.1483,1.77999E-06,2709.975616,9.59E+01,
1241,148869.275,148869.275,2.218E-05,3484.014903,1.13E+02,
1242,152359.0945,152359.0945,-2.816E-05,2641.979213,8.76E+01,
1243,135273.6452,135273.6452,5.27999E-06,2451.28229,7.22E+01,
1244,140260.7436,140260.7436,3.898E-05,3344.970362,1.02E+02,
1245,109643.4547,109643.4547,-1.272E-05,2103.97294,5.02E+01,
1246,181921.8625,181921.8625,-1.8511E-05,0.000101306,4.01E-06,
1249,287021.2637,287021.2637,-2.6385E-05,1653.461494,1.03E+02,
1250,206772.1232,206772.1232,-2.266E-06,1170.104804,5.27E+01,
1251,253618.6843,253618.6843,-4.2115E-05,2649.527246,1.46E+02,
1252,265490.8586,265490.8586,-4.3875E-05,3421.919415,1.98E+02,
1253,447965.1323,447965.1323,-2.0336E-05,2298.818854,2.24E+02,
1254,271252.9913,271252.9913,-2.7206E-05,3938.613335,2.33E+02,
1255,274581.6916,274581.6916,-2.0315E-05,2648.807972,1.58E+02,
1256,247080.8873,247080.8873,-3.6165E-05,3514.012522,1.89E+02,
1257,168497.9725,168497.9725,-2.9226E-05,777.734358,2.85E+01,
1260,210922.6536,210922.6536,2.9945E-05,2279.199565,1.05E+02,
1261,299237.6382,299237.6382,-1.7485E-05,3517.791419,2.29E+02,
1262,203471.4294,203471.4294,-3.9675E-05,1469.268684,6.51E+01,
1263,310602.461,310602.461,1.1274E-05,5019.453939,3.39E+02,
1264,217454.5645,217454.5645,-1.4666E-05,1387.460958,6.57E+01,
1265,304312.3127,304312.3127,-3.7166E-05,1687.456763,1.12E+02,
1266,253573.3483,253573.3483,-4.0246E-05,3146.580768,1.74E+02,
1267,470534.6416,470534.6416,-4.70597E-06,3018.606718,3.09E+02,
1270,272491.0826,272491.0826,-4.2265E-05,2474.764286,1.47E+02,
1271,320394.6256,320394.6256,3.1215E-05,2171.825862,1.52E+02,
1272,283637.6662,283637.6662,-2.5685E-05,4398.856654,2.72E+02,
1273,341936.0598,341936.0598,-4.5036E-05,1827.56443,1.36E+02,
1274,322560.9207,322560.9207,2.4064E-05,1339.413688,9.41E+01,
1275,236422.4401,236422.4401,1.6905E-05,3520.1378,1.81E+02,
1276,336856.4983,336856.4983,-4.9746E-05,3149.285541,2.31E+02,
1277,819939.3819,818773.6529,1165.728955,46.0845373,8.23E+00,
1278,273381.5338,273381.5338,6.24405E-06,2472.562266,1.47E+02,
1279,271961.3275,271961.3275,2.7444E-05,3371.041059,2.00E+02,
1280,313284.3674,313284.3674,-2.6346E-05,2967.998111,2.02E+02,
1281,519753.835,518717.2566,1036.578378,1999.465766,2.26E+02,
1283,139042.4051,139042.4051,2.6985E-05,2.627853643,7.96E-02,
1284,159787.5,159787.5,-2.0615E-05,2.627853643,9.14E-02,
1285,123670.7518,123670.7518,2.39001E-06,2.627853643,7.08E-02,
1286,172844.6344,172844.6344,-6.91501E-06,2.627853643,9.89E-02,
1289,249720.9382,249720.9382,5.504E-06,13.18118634,7.17E-01,
1300,410275.1757,410275.1757,-3.8965E-05,52.01640448,4.65E+00,
1301,335142.7461,335142.7461,4.3285E-05,46.04015663,3.36E+00,
1302,1126.215183,1126.215183,0,0.000104442,2.56E-08,
1303,638705.6023,637112.2186,1593.383671,2136.241688,2.97E+02,
1304,709852.7267,709471.7441,380.9825511,2491.755854,3.85E+02,
1305,909080.7485,903616.6284,5464.12015,3319.710613,6.57E+02,
1306,1049437.686,1044577.502,4860.183741,3935.235283,8.99E+02,
1307,225138.7523,225138.7523,-2.2075E-05,3951.483961,1.94E+02,
1308,692756.2834,692039.9053,716.37805,2536.052487,3.83E+02,
1309,1264088.392,1264088.392,0.00031682,2379.604548,6.55E+02,
1310,218778.3382,218778.3382,-1.2105E-05,3212.962902,1.53E+02,
1311,448150.9388,448150.9388,9.80502E-06,4548.678921,4.44E+02,
1312,155606.9273,155606.9273,3.3395E-05,39.49899928,1.34E+00,
1313,269704.2567,269704.2567,2.0525E-05,3111.802015,1.83E+02,
1314,173671.0888,173671.0888,4.6225E-05,1726.84593,6.53E+01,
1315,178295.2752,178295.2752,-1.6405E-05,2107.818743,8.18E+01,
1316,794602.9002,794602.9002,-4.8225E-05,1455.718079,2.52E+02,
1317,243252.5338,243252.5338,-4.7835E-05,1880.533312,9.96E+01,
1318,940898.0498,940817.3243,80.72549774,1592.451686,3.26E+02,
1319,184593.8198,184593.8198,-1.61002E-07,2172.853714,8.73E+01,
1320,353771.5859,353771.5859,3.549E-05,0.000115784,8.92E-06,
1321,348762.7822,348762.7822,-2.256E-05,0.000115784,8.79E-06,
1322,198837.5399,198837.5399,-2.888E-05,0.000115784,5.01E-06,
1323,331484.3746,331484.3746,-2.1175E-05,1632.494693,1.18E+02,
1324,225661.8867,225661.8867,-4.908E-05,0.000115784,5.69E-06,
1325,774799.5723,770798.1868,4001.385502,3561.098996,6.01E+02,
1326,1325095.575,1322404.566,2691.009478,122.1571351,3.52E+01,
1327,656505.06,643592.3326,12912.72744,3192.277073,4.56E+02,
1328,731062.9459,727364.9686,3697.977337,8.757434129,1.39E+00,
1329,791039.3259,780567.2202,10472.10568,270.9420996,4.67E+01,
1330,806805.8291,803966.742,2839.087109,5356.246333,9.41E+02,
1331,539267.8249,539267.8249,-3.746E-05,1666.720263,1.96E+02,
1332,850656.7517,843882.8219,6773.929827,0.000115784,2.14E-05,
1333,198425.6801,198425.6801,-2.1051E-05,9.16E-05,3.96E-06,
1334,749728.3042,748540.201,1188.103159,3121.876841,5.10E+02,
1335,531481.1101,531481.1101,-1.99451E-05,1447.333781,1.67E+02,
1336,918453.9791,918453.9791,1.9145E-05,3963.19294,7.93E+02,
1337,392232.9538,392232.9538,1.366E-05,9.16E-05,7.82E-06,
1338,743107.2946,737018.4603,6088.834301,1946.794024,3.15E+02,
1339,715063.8658,709404.103,5659.762798,3069.82888,4.78E+02,
1340,350535.8061,350535.8061,1.9755E-05,1504,1.15E+02,
1341,1191491.205,1185046.892,6444.313195,1455.692868,3.78E+02,
1342,677837.3095,677456.327,380.9825087,2963.308378,4.37E+02,
1343,644533.0443,644389.9588,143.0855369,3754,5.27E+02,
1344,309152.7354,309152.7354,-2.3555E-05,4022,2.71E+02,
1345,412152.6536,412152.6536,-2.5735E-05,21.3004645,1.91E+00,
1346,184870.5924,184870.5924,-1.133E-05,2936.276775,1.18E+02,
1347,347946.0231,347946.0231,1.5515E-05,4491.27743,3.40E+02,
1348,614565.8282,614294.7237,271.1044533,728.4221052,9.75E+01,
1349,475324.1149,475324.1149,7.09499E-06,9.16E-05,9.48E-06,
1351,156278.7144,156278.7144,-1.965E-05,2.695244006,9.17E-02,
1400,337334.0753,337334.0753,2.2112E-05,2572.963204,1.89E+02,
1401,336861.9786,336861.9786,-4.1008E-05,2123.092006,1.56E+02,
1402,953703.1574,933897.3772,19805.78025,1137.771149,2.36E+02,
1403,602095.63,567581.4336,34514.19636,3108.374599,4.07E+02,
1404,752103.8992,694246.9169,57856.98226,2581.139411,4.23E+02,
1405,315113.2523,315113.2523,-4.1668E-05,3002.395923,2.06E+02,
1406,1335087.566,1328372.199,6715.3665,1597.452654,4.64E+02,
1407,1378017.612,1370158.522,7859.090357,554.0280432,1.66E+02,
1408,854925.9484,814471.3023,40454.64608,2350.753049,4.38E+02,
1409,892720.3229,854028.2617,38692.06122,4106.034409,7.98E+02,
1410,499306.7653,499306.7653,3.1612E-05,4991.995552,5.43E+02,
1413,110340.3271,110340.3271,2.0687E-05,1431.295724,3.44E+01,
1414,337598.3031,337598.3031,-3.9698E-05,2408.128111,1.77E+02,
1415,528081.3961,524740.8381,3340.558019,3595.677609,4.13E+02,
1416,282564.4055,282564.4055,2.2342E-05,1793.236684,1.10E+02,
1417,131141.7515,131141.7515,-1.81302E-06,2736.297539,7.81E+01,
1418,430516.7002,430516.7002,4.9301E-05,1474.880441,1.38E+02,
1419,417968.9148,417968.9148,-1.0798E-05,1933.44634,1.76E+02,
1420,551733.1435,538222.5606,13510.58288,3478.557454,4.18E+02,
1421,606074.9736,585456.3189,20618.65471,969.2002812,1.28E+02,
1422,715602.4589,660488.3251,55114.13385,1354.279817,2.11E+02,
1500,376841.5708,376841.5708,4.7541E-05,1099.457179,9.02E+01,
1501,732678.454,721095.045,11583.40904,1385.250578,2.21E+02,
1502,357144.0918,357144.0918,-3.9858E-05,2472.231827,1.92E+02,
1503,794611.7437,778650.6671,15961.07662,2082.415333,3.60E+02,
1504,383550.5473,383550.5473,-1.4468E-05,1515.368038,1.27E+02,
1505,333037.1123,333037.1123,9.52202E-06,2472.231827,1.79E+02,
1506,1161881.638,1159103.634,2778.003832,4246.985368,1.07E+03,
1507,1063410.432,1062485.033,925.3988164,1215.894056,2.82E+02,
1508,371023.7783,371023.7783,-3.0668E-05,2469.503495,1.99E+02,
1509,359150.2786,359150.2786,3.21196E-06,1605.449357,1.26E+02,
1510,1004734.079,1003305.371,1428.708401,1076.403035,2.35E+02,
1511,317341.5095,317341.5095,4.537E-06,2214.474826,1.53E+02,
1512,614419.1254,594693.6129,19725.51246,2345.335081,3.14E+02,
1515,682440.6746,673138.9742,9301.700413,1264.202064,1.88E+02,
1516,243493.2775,243493.2775,-3E-05,753.7167073,4.00E+01,
1517,672987.6079,666619.3324,6368.275508,2612.483976,3.83E+02,
1518,671109.7582,666563.7124,4546.045805,2338.915968,3.42E+02,
1519,748748.3506,744566.7079,4181.642655,2279.167067,3.72E+02,
1520,785857.2742,780317.5603,5539.713861,4228.584248,7.24E+02,
1521,895285.7891,890798.4546,4487.334529,930.8851545,1.81E+02,
1522,792470.9933,787927.1703,4543.823043,593.0448164,1.02E+02,
1525,886783.1986,885090.1542,1693.044413,3303.421867,6.38E+02,
1526,872724.7895,864960.7814,7764.008072,3266.297791,6.21E+02,
1527,766639.1303,759688.8089,6950.321403,1584.305443,2.64E+02,
1528,530805.6743,530477.9929,327.681359,1848.37854,2.14E+02,
1529,460345.0076,457376.4541,2968.5535,852.5963578,8.55E+01,
1533,375063.009,375063.009,2.2242E-05,3711.171916,3.03E+02,
1534,852478.1661,848328.5966,4149.569476,3268.175095,6.07E+02,
1535,670017.609,637389.0262,32628.58278,2762.702389,4.03E+02,
1536,682575.6714,649534.3874,33041.28398,602.6300897,8.96E+01,
1537,1065135.186,1061200.473,3934.712943,475.3477018,1.10E+02,
1538,752912.3271,702900.4316,50011.89553,1467.73809,2.41E+02,
1539,1200691.749,1191782.911,8908.838094,0.0001053,2.75E-05,
1540,1013057.462,1010444.912,2612.550191,2339.390266,5.16E+02,
1541,1002700.698,996586.5128,6114.18522,1972.457774,4.31E+02,
1542,336710.7671,333844.6812,2866.085901,0.0001053,7.72E-06,
1543,1081593.583,1077658.871,3934.712386,912.6497411,2.15E+02,
1544,1102229.36,1096769.063,5460.297304,4.54617504,1.09E+00,
1545,1080265.031,1077233.009,3032.021525,2.447971078,5.76E-01,
1546,620962.7054,563240.1664,57722.53896,839.8695688,1.14E+02,
1547,965339.3864,957335.0691,8004.317301,0.699417198,1.47E-01,
1548,1017426.689,1004964.289,12462.39999,0.0001053,2.33E-05,
1549,878172.4597,877716.7595,455.7002485,3266.135452,6.25E+02,
1550,1017660.553,1009864.672,7795.880673,0.0001053,2.33E-05,
1551,854214.7409,853806.334,408.4068994,38.85898883,7.23E+00,
1552,1134793.578,1128799.469,5994.109356,0.0001053,2.60E-05,
1553,1318730.002,1313754.535,4975.467443,1024.178846,2.94E+02,
1554,874408.5985,869431.2798,4977.318666,2150.011601,4.09E+02,
1555,805935.9691,804232.8602,1703.108895,2284.566807,4.01E+02,
1556,772102.2213,771257.5481,844.6732499,1688.728944,2.84E+02,
1557,856508.3774,855054.9954,1453.382006,1911.722512,3.57E+02,
1558,723791.6788,721466.8773,2324.80151,32.496507,5.12E+00,
1559,717290.9856,709686.321,7604.664581,209.8085942,3.28E+01,
1560,659551.8523,657042.1696,2509.68274,2290.093807,3.29E+02,
1561,353091.2383,353091.2383,-3.646E-05,2190.571114,1.68E+02,
1562,1397406.732,1387757.921,9648.811114,0.000115712,3.52E-05,
1563,201085.5056,201085.5056,3.39E-05,2346,1.03E+02,
1564,423011.4516,423011.4516,-4.7008E-05,1338.824245,1.23E+02,
1565,566632.7185,543147.9779,23484.74063,4464.647351,5.51E+02,
1566,217313.2722,217313.2722,-3.385E-05,626.3856844,2.96E+01,
1567,522725.8268,522725.8268,-4.1223E-05,2365.456217,2.69E+02,
1568,856535.8323,838852.5925,17683.23985,827.5094917,1.54E+02,
1569,670731.6999,657674.9839,13056.71601,2590.360735,3.78E+02,
1570,726939.007,712703.2352,14235.77178,1628.002257,2.58E+02,
1571,952844.2513,949003.4176,3840.833749,4535.792227,9.41E+02,
1572,291680.4774,291680.4774,-2.606E-05,986.4553252,6.26E+01,
1573,952018.2695,952018.2695,4.4222E-05,1180.403548,2.45E+02,
1574,641039.3545,633329.1513,7710.203178,1586.21046,2.21E+02,
1575,644613.1227,624464.5568,20148.56591,2017.772698,2.83E+02,
1576,1056094.395,1049052.755,7041.639598,531.2603218,1.22E+02,
1577,653999.6847,650308.1569,3691.527849,1568.138507,2.23E+02,
1578,501852.4713,500880.3704,972.1008616,1926,2.10E+02,
1581,942853.281,941399.94,1453.341034,2061.780931,4.23E+02,
1582,359994.8584,359994.8584,-1.1213E-05,2291.191456,1.80E+02,
1583,1132020.953,1127227.304,4793.649155,2223.25436,5.48E+02,
1584,1139202.666,1138562.618,640.0483631,2425.853226,6.02E+02,
1585,924708.12,917592.1572,7115.962804,1722.39919,3.47E+02,
1586,1016120.167,1016039.441,80.72561363,2617.811041,5.79E+02,
1587,1034772.532,1033084.339,1688.192829,154.221064,3.47E+01,
1588,355590.2351,355590.2351,4.632E-05,2970.707561,2.30E+02,
1589,1335243.116,1325242.15,10000.96637,898.2512425,2.61E+02,
1590,1045018.069,1044378.021,640.0477355,3446.204584,7.84E+02,
1591,1177318.274,1175877.879,1440.39511,1512.106275,3.88E+02,
1600,10871.69294,10871.69294,-9.1E-07,2556.544586,6.05E+00,
1601,14290.3676,14290.3676,-3.11E-06,1733.13809,5.39E+00,
1602,13662.43108,13662.43108,-2.10001E-07,2669.709409,7.94E+00,
1603,33298.23771,33298.23771,-2.20003E-07,1576.704691,1.14E+01,
1604,30849.65459,30849.65459,3.9799E-06,3378.507242,2.27E+01,
1605,416.6828021,416.6828021,0,1274.837162,1.16E-01,
1606,41308.47301,41308.47301,2.9199E-06,1822.196567,1.64E+01,
1607,92607.79013,92607.79013,-1.85E-06,1483.103554,2.99E+01,
1608,10747.53992,10747.53992,1.7E-06,1218.053048,2.85E+00,
1609,176161.8234,176161.8234,3.0486E-05,1143.20565,4.38E+01,
1612,290.5788461,290.5788461,-2E-08,311.1914325,1.97E-02,
1613,290.5788461,290.5788461,-2E-08,,0.00E+00,
1614,229.2911926,229.2911926,0,,0.00E+00,
1615,1175.776288,1175.776288,3.9999E-07,3074.369205,7.87E-01,
1616,10093.03157,10093.03157,1.3999E-06,2179.862511,4.79E+00,
1617,11306.13678,11306.13678,-1.10002E-07,2181.341681,5.37E+00,
1618,18747.75196,18747.75196,-3.31E-06,2852.754639,1.16E+01,
1619,129278.5781,129278.5781,3.947E-06,1716.908044,4.83E+01,
1620,265101.5966,265101.5966,3.2687E-05,851.6293125,4.92E+01,
1621,83087.01022,83087.01022,-1.5E-06,2058.232754,3.72E+01,
1622,23453.65933,23453.65933,2.78E-06,3297.965807,1.68E+01,
1623,33532.39876,33532.39876,-2.91999E-06,16.718015,1.22E-01,
1624,116836.0661,116836.0661,-2.1103E-05,3423.356886,8.71E+01,
1625,542733.2336,539867.1477,2866.085906,394.2543827,4.66E+01,
1626,83826.86731,83826.86731,-4.68E-06,1202.095348,2.19E+01,
1627,714141.5684,672268.0689,41873.49951,545.4987836,8.48E+01,
1628,333408.5846,333408.5846,-2.3103E-05,4186.367406,3.04E+02,
1629,298413.951,298413.951,1.757E-06,2660.811952,1.73E+02,
1630,458677.1619,458677.1619,-3.7598E-05,2045.334248,2.04E+02,
1631,666648.0007,622913.546,43734.45473,3688.653892,5.35E+02,
1632,190069.6347,190069.6347,3.6997E-05,2670.735104,1.11E+02,
1633,204479.9522,204479.9522,1.8087E-05,1008.002611,4.49E+01,
1634,259052.2012,259052.2012,1.8877E-05,2665.918823,1.50E+02,
1635,609297.4231,557121.4858,52175.93735,819.5166308,1.09E+02,
1637,33742.06663,33742.06663,4.82E-06,1450.872333,1.07E+01,
1638,37205.37608,37205.37608,1.26995E-07,3253.025728,2.64E+01,
1639,77454.28644,77454.28644,4.39701E-06,2372.426354,4.00E+01,
1640,250726.2386,250726.2386,3.2887E-05,997.4408047,5.45E+01,
1641,69596.96294,69596.96294,7.97008E-07,1428.859099,2.17E+01,
1642,89832.32818,89832.32818,8.97009E-07,2826.810153,5.53E+01,
1643,174031.2381,174031.2381,4.5197E-05,2470.485305,9.36E+01,
1644,137673.2305,137673.2305,-4.0613E-05,2320.395073,6.96E+01,
1645,276533.2217,276533.2217,-3.3658E-05,1998.68515,1.20E+02,
1700,323739.6152,320873.5293,2866.085866,1193.899672,8.42E+01,
1701,696717.4493,696389.7679,327.6813683,2765.912244,4.20E+02,
1702,39439.40378,39439.40378,2.5E-06,3081.788006,2.65E+01,
1703,826847.2229,821054.5304,5792.6925,2611.086123,4.70E+02,
1704,323830.6305,320964.5446,2866.08594,2733.224133,1.93E+02,
1705,789708.8636,785874.844,3834.019554,2692.499717,4.63E+02,
1706,672335.9656,672143.1561,192.8095153,3094.153084,4.53E+02,
1707,275086.6414,275086.6414,-4.721E-05,2020.205536,1.21E+02,
1708,646537.4128,638715.7631,7821.649666,1954.231485,2.75E+02,
1710,708040.461,702542.8009,5497.660111,4241.933941,6.54E+02,
1711,884020.9603,879359.1652,4661.795103,3411.998579,6.57E+02,
1712,795547.5449,791574.6136,3972.931313,3267.775395,5.66E+02,
1713,720154.7108,715708.2959,4446.414926,4026.702367,6.31E+02,
1714,1034520.806,1028993.802,5527.004379,2778.707167,6.26E+02,
1715,220652.4833,220652.4833,-1.493E-05,1388.904595,6.67E+01,
1716,887384.3963,883977.5016,3406.894658,3448.081819,6.66E+02,
1717,594091.4771,566977.7111,27113.76603,1511.896137,1.96E+02,
1720,270048.4311,270048.4311,2.222E-05,3296.563265,1.94E+02,
1721,678650.7257,664513.9076,14136.81813,1622.364429,2.40E+02,
1722,464204.873,422345.5816,41859.29143,1480.47939,1.50E+02,
1723,63700.50064,63700.50064,-2.51E-06,1693.543894,2.35E+01,
1724,425501.7265,413412.7912,12088.93531,3403.262789,3.15E+02,
1725,243948.6984,243948.6984,-2.7834E-05,3683.192522,1.96E+02,
1726,643714.0403,585690.0908,58023.94954,1833.593711,2.57E+02,
1729,16888.03798,16888.03798,-2.2E-06,3265.005046,1.20E+01,
1730,28369.92865,28369.92865,-3.81E-06,4154.454886,2.57E+01,
1731,101704.4599,101704.4599,2.0879E-05,3518.775377,7.79E+01,
1732,384274.2954,363306.2757,20968.01973,3022.23785,2.53E+02,
1733,22290.33118,22290.33118,-4.41E-06,2223.270082,1.08E+01,
1734,121780.4619,121780.4619,2.68001E-06,1334.125388,3.54E+01,
1735,25834.19731,25834.19731,1.49E-06,2242.690381,1.26E+01,
1736,496697.6313,481020.7745,15676.85679,1432.44099,1.55E+02,
1739,2995.895639,2995.895639,-9.99999E-08,,0.00E+00,
1740,148288.3648,148288.3648,4.687E-05,2484.594362,8.02E+01,
1741,56266.22782,56266.22782,-1.01E-06,2198.981679,2.69E+01,
1742,660861.1921,649220.3939,11640.79817,2528.923456,3.64E+02,
1743,213325.0264,213325.0264,4.377E-05,3280.556258,1.52E+02,
1744,227698.5246,227698.5246,4.522E-05,1548.653188,7.68E+01,
1745,135253.2456,135253.2456,3.328E-05,3565.644733,1.05E+02,
1748,21025.73464,21025.73464,8.89901E-07,2447.923182,1.12E+01,
1749,112881.3218,112881.3218,1.221E-05,3076.673978,7.56E+01,
1750,64424.60016,64424.60016,4.08E-06,1221.458651,1.71E+01,
1751,580225.5601,536491.1053,43734.45479,2721.978867,3.44E+02,
1752,149611.0872,149611.0872,-3.8323E-05,2091.871494,6.81E+01,
1753,663431.1321,641818.4828,21612.64933,2015.459277,2.91E+02,
1754,98373.85863,98373.85863,-3.19997E-07,3032.092567,6.49E+01,
1755,35189.47761,35189.47761,-4.6501E-06,1828.541985,1.40E+01,
1800,765788.7203,761669.9867,4118.733562,2237.50675,3.73E+02,
1801,832455.3184,830617.765,1837.553388,345.6861726,6.27E+01,
1802,986238.1334,983667.9664,2570.167036,1543.857948,3.32E+02,
1803,1076451.452,1072255.815,4195.636744,752.102758,1.76E+02,
1804,993645.8852,983472.2214,10173.66383,3987.201358,8.63E+02,
1805,1273391.734,1266958.167,6433.567233,643.1977435,1.78E+02,
1806,1348717.243,1338934.3,9782.943254,2878.12612,8.45E+02,
1807,1144937.149,1142420.501,2516.648198,3560.719184,8.88E+02,
1808,1066702.756,1064046.874,2655.882228,2918.349836,6.78E+02,
1809,1125744.69,1121986.269,3758.420521,3284.017758,8.05E+02,
1810,1119352.658,1115925.984,3426.674363,3749.594949,9.14E+02,
1811,1256714.301,1252113.926,4600.37515,1889.63187,5.17E+02,
1812,1236869.94,1227221.128,9648.811523,2219.007552,5.98E+02,
1813,816835.2287,810801.7689,6033.459772,2585.28811,4.60E+02,
1814,392592.3492,357654.3091,34938.04013,1879.692089,1.61E+02,
1815,891184.2815,880828.5484,10355.73309,3606.443984,7.00E+02,
1816,804095.0823,794543.3539,9551.728394,3174.96632,5.56E+02,
1817,769547.3461,761876.1966,7671.149544,1800.260005,3.02E+02,
1818,843967.3396,839123.7627,4843.576924,945.1866089,1.74E+02,
1819,882300.5366,879176.7086,3123.827976,3632.86862,6.98E+02,
1820,995181.8728,991880.9742,3300.898565,2380.98901,5.16E+02,
1821,863555.9286,860512.8261,3043.102479,1836.305253,3.45E+02,
1823,780011.5287,777270.6725,2740.856195,302.9512254,5.15E+01,
1824,824569.8148,822168.9503,2400.864515,1773.713946,3.18E+02,
1825,972350.985,968225.4622,4125.522765,639.8968656,1.35E+02,
1826,729603.727,725902.3544,3701.372557,4173.228627,6.63E+02,
1827,709123.4809,706600.6679,2522.813019,3440.417851,5.31E+02,
1828,796642.9669,796029.7269,613.2400381,2198.078468,3.81E+02,
1829,766387.841,764166.6305,2221.210458,1888.724115,3.15E+02,
1830,517909.7483,517909.7483,-2.585E-05,3506.429975,3.95E+02,
1831,880889.3781,870536.1072,10353.27093,3286.738471,6.30E+02,
1832,1089818.362,1087603.319,2215.043388,1242.358992,2.95E+02,
1833,543445.9807,543445.9807,7.07002E-06,1022.835086,1.21E+02,
1834,637040.6717,637040.6717,1.70083E-07,2152.652811,2.99E+02,
1835,760170.9492,757654.337,2516.612154,1843.000985,3.05E+02,
1836,1100813.421,1097325.373,3488.047776,1403.32828,3.36E+02,
1837,1148902.671,1144468.546,4434.125277,1665.70547,4.17E+02,
1838,899856.3362,896204.5139,3651.822276,2.831986412,5.55E-01,
1839,1017164.574,1015590.349,1574.225087,2048.178582,4.54E+02,
1840,884817.4265,881380.7438,3436.682724,2156.030008,4.15E+02,
1841,846005.0699,843022.7258,2982.344137,20.1132422,3.70E+00,
1842,1079420.387,1076810.389,2609.997526,1609.943011,3.78E+02,
1843,1058723.841,1056097.877,2625.963916,28.89020419,6.66E+00,
1844,1343191.365,1337335.954,5855.410662,1795.52663,5.25E+02,
1845,1189737.738,1174570.305,15167.43332,397.4525872,1.03E+02,
1846,1204123.749,1202796.99,1326.758989,466.9725819,1.22E+02,
1847,314242.8517,311800.6095,2442.242178,,0.00E+00,
1848,709578.2425,699970.5615,9607.680984,2164.86178,3.34E+02,
1849,555843.9979,549143.3138,6700.684058,1257.393906,1.52E+02,
1850,1079897.253,1077350.463,2546.79026,3574.059921,8.40E+02,
1851,739698.3009,733384.7077,6313.593224,2481.695183,4.00E+02,
1852,596105.255,576487.8587,19617.3963,2809.467871,3.65E+02,
1853,964814.8983,963410.8822,1404.016107,2699.580614,5.67E+02,
1854,984278.5402,981907.6079,2370.932337,2354.761926,5.05E+02,
1855,902922.2118,886451.5917,16470.62006,1724.043956,3.39E+02,
1856,727240.2774,712183.7013,15056.57614,,0.00E+00,
1857,1090515.211,1068878.217,21636.99422,2044.890505,4.86E+02,
1900,1060669.636,1040347.374,20322.26181,1752.601877,4.05E+02,
1901,647418.6959,640203.372,7215.32387,1729.998414,2.44E+02,
1902,911458.0176,902760.9923,8697.025341,3898.734227,7.74E+02,
1903,1013598.52,1008634.988,4963.532307,3004.219453,6.63E+02,
1904,926311.8198,926311.8198,-3.66801E-06,3022.445787,6.10E+02,
1905,1081211.247,1078270.976,2940.271221,3535.906402,8.32E+02,
1906,951480.2554,948456.8114,3023.443987,1179.741948,2.44E+02,
1907,707636.2316,697307.2875,10328.94408,2005.351892,3.09E+02,
1908,1072689.551,1068173.563,4515.98762,1258.121975,2.94E+02,
1910,953739.3649,946225.476,7513.888864,1317.946744,2.74E+02,
1911,1049427.152,1047559.023,1868.129261,517.638811,1.18E+02,
1912,1057875.86,1053737.214,4138.645622,1069.387181,2.46E+02,
1913,1170166.541,1159791.13,10375.41106,2754.983467,7.02E+02,
1914,1120281.253,1114619.846,5661.406542,713.502104,1.74E+02,
1915,1088529.498,1082876.497,5653.000736,2324.706515,5.51E+02,
1916,1233577.092,1231100.067,2477.024885,3837.191533,1.03E+03,
1917,1240659.582,1238182.557,2477.025,1030.281001,2.78E+02,
1918,1253270.273,1246894.149,6376.123954,1814.026979,4.95E+02,
1919,1233683.928,1228771.609,4912.318982,2448.213689,6.58E+02,
1922,838914.6081,835523.5879,3391.020182,2371.539436,4.33E+02,
1923,816823.7907,812611.6152,4212.175547,2961.804092,5.27E+02,
1924,765987.6136,758196.9891,7790.624475,3709.191436,6.19E+02,
1925,934989.4164,926522.5765,8466.839853,2036.658697,4.15E+02,
1926,1024585.348,1019127.36,5457.988404,558.5200305,1.25E+02,
1927,1019951.977,1015212.342,4739.634707,1766.470853,3.92E+02,
1928,701805.6501,696148.1338,5657.516255,1106.901527,1.69E+02,
1929,940034.7489,938302.8574,1731.891506,1883.533997,3.86E+02,
1930,821817.6881,819871.0962,1946.591879,1077.137144,1.93E+02,
1931,797297.2101,795773.6683,1523.541777,1176.95858,2.04E+02,
1932,451922.6529,450600.3737,1322.27924,1341.582488,1.32E+02,
1933,796904.1105,792956.563,3947.54748,2592.831748,4.50E+02,
1934,809454.2748,806057.0648,3397.209976,2108.260598,3.72E+02,
1935,552500.7223,536179.5882,16321.13412,3532.943278,4.25E+02,
1936,670157.1984,664838.3729,5318.825536,2035.666,2.97E+02,
1937,518662.3946,518662.3946,1.118E-05,9.58E-05,1.08E-05,
1940,1231606.53,1229026.149,2580.380835,1146.413499,3.07E+02,
1941,1162799.731,1160795.062,2004.669283,4016.664511,1.02E+03,
1942,952521.0477,930250.1063,22270.94136,4473.938382,9.28E+02,
1943,1216679.525,1205344.74,11334.78549,2089.377329,5.54E+02,
1944,862911.4694,859946.4035,2965.06588,3097.221863,5.82E+02,
1945,1347128.659,1345850.971,1277.687729,2099.210808,6.16E+02,
1946,1125414.884,1121695.422,3719.462462,2189.173608,5.36E+02,
1947,1426995.269,1425049.806,1945.463164,284.4669254,8.84E+01,
1948,1350327.619,1335064.415,15263.20358,654.7844827,1.93E+02,
1949,1213868.887,1210524.455,3344.432451,533.4920393,1.41E+02,
1950,1267593.171,1263959.116,3634.055002,527.6930636,1.46E+02,
1951,1445213.314,1441035.539,4177.775032,1137.435079,3.58E+02,
1952,1368707.609,1355897.716,12809.89317,487.7779769,1.45E+02,
1953,1384500.995,1375388.037,9112.958098,376.5079216,1.13E+02,
1954,1266516.121,1261973.69,4542.430639,798.3127999,2.20E+02,
1955,1419821.417,1416672.784,3148.632549,9.79E-05,3.03E-05,
1956,1332326.363,1327578.591,4747.772204,53.78443993,1.56E+01,
1957,1378427.743,1377150.056,1277.687052,622.0023147,1.87E+02,
1958,1252230.751,1246931.519,5299.232409,1363.785762,3.72E+02,
1959,1158440.325,1147216.709,11223.61597,1500.583322,3.78E+02,
1960,1414125.71,1410977.077,3148.633,2296.751445,7.07E+02,
1961,1317470.221,1301455.496,16014.72516,507.6081759,1.46E+02,
1962,1444423.085,1440112.995,4310.089883,9.79E-05,3.08E-05,
1963,1428432.761,1426713.886,1718.874564,224.0140586,6.97E+01,
2000,19102.58031,19102.58031,4.3E-06,,0.00E+00,
2001,30429.88994,30429.88994,-3.44E-06,,0.00E+00,
2002,13537.7916,13537.7916,3.4E-06,4653.344082,1.37E+01,
2003,23659.50088,23659.50088,-1.7E-06,1416.580796,7.30E+00,
2004,28887.0514,28887.0514,4.96E-06,2275.596507,1.43E+01,
2007,51.87985583,51.87985583,0,,0.00E+00,
2008,27861.7022,27861.7022,-1.4E-07,601.7393706,3.65E+00,
2009,25072.66296,25072.66296,1.01E-06,,0.00E+00,
2010,21286.19785,21286.19785,3.01E-06,3023.337812,1.40E+01,
2011,7099.51258,7099.51258,1.5E-07,382.1020559,5.91E-01,
2012,279.8578862,279.8578862,0,165.3078129,1.01E-02,
2013,2067.554804,2067.554804,-4.5E-07,504.6856164,2.27E-01,
2014,24803.16001,24803.16001,3.4E-06,831.2943078,4.49E+00,
2015,37808.12534,37808.12534,-3.3E-06,3546.512266,2.92E+01,
2018,13168.15017,13168.15017,-1E-06,1223.35643,3.51E+00,
2019,39681.45691,39681.45691,3.26E-06,2183.71938,1.89E+01,
2020,28887.0514,28887.0514,4.96E-06,1994.055831,1.25E+01,
2021,31371.35519,31371.35519,-9.39999E-07,3679.469132,2.51E+01,
2022,54428.79517,54428.79517,-3.37997E-07,3578.416836,4.24E+01,
2023,46855.56316,46855.56316,2.36E-06,1256.982391,1.28E+01,
2025,45947.93532,45947.93532,6.00048E-08,4344.882345,4.35E+01,
2026,43193.67203,43193.67203,3.16E-06,2028.961518,1.91E+01,
2027,31558.78197,31558.78197,-1.69E-06,3451.741882,2.37E+01,
2028,79096.29141,79096.29141,-4.37911E-07,183.7583155,3.16E+00,
2029,93860.66454,93860.66454,-1.93799E-06,215.4389697,4.40E+00,
2030,77928.60937,77928.60937,2.26199E-06,2868.473144,4.87E+01,
2031,41047.53187,41047.53187,2.11E-06,70.32231944,6.29E-01,
2032,41258.11384,41258.11384,-4.34E-06,3045.515119,2.74E+01,
2033,85142.72809,85142.72809,4.862E-06,598.1554361,1.11E+01,
2034,76449.01256,76449.01256,-4.538E-06,1466.247345,2.44E+01,
2035,81403.78195,81403.78195,1.76209E-06,,0.00E+00,
2036,43772.62028,43772.62028,1.26E-06,2276.798499,2.17E+01,
2037,83419.64789,83419.64789,-3.03799E-06,2929.600857,5.32E+01,
2100,73816.75856,73816.75856,-3.598E-06,2669.389188,4.29E+01,
2101,94703.73742,94703.73742,2.502E-06,2764.800195,5.70E+01,
2102,108450.2541,108450.2541,-1.9498E-05,2838.226947,6.70E+01,
2103,148546.1329,148546.1329,2.2802E-05,2744.670376,8.88E+01,
2104,100122.6882,100122.6882,1.9202E-05,1840.827468,4.01E+01,
2105,112124.894,112124.894,-2.9698E-05,1614.085826,3.94E+01,
2107,508111.6986,508111.6986,3.8082E-05,2228.492915,2.47E+02,
2108,51401.77617,51401.77617,-1.198E-06,3975.859062,4.45E+01,
2109,78887.10721,78887.10721,1.40209E-06,48.96561007,8.41E-01,
2110,75126.70006,75126.70006,-2.59791E-06,3766.175328,6.16E+01,
2113,259162.5244,259162.5244,4.8002E-05,4798.639452,2.71E+02,
2114,119857.2909,119857.2909,-4.6298E-05,2245.074727,5.86E+01,
2115,482660.9921,482660.9921,-3.7198E-05,1766.029357,1.86E+02,
2116,192124.4798,192124.4798,2.7202E-05,1907.08022,7.98E+01,
2117,106725.3523,106725.3523,-2.4398E-05,5231.574169,1.22E+02,
2118,238714.6376,238714.6376,-1.4798E-05,3962.876434,2.06E+02,
2119,187561.6235,187561.6235,1.1602E-05,1872.869857,7.65E+01,
2120,174379.0723,174379.0723,4.4002E-05,2247.362869,8.53E+01,
2123,369517.4811,369517.4811,4.18E-05,3115.103518,2.51E+02,
2124,341775.9549,341775.9549,-4.88E-05,2409.898136,1.79E+02,
2125,51644.01046,51644.01046,-3.8E-06,3095.683699,3.48E+01,
2126,264750.0152,264750.0152,3.13999E-05,4632.314648,2.67E+02,
2127,36056.99302,36056.99302,2.19999E-06,1598.870673,1.26E+01,
2128,96238.26635,96238.26635,2.69999E-06,1166.018768,2.44E+01,
2129,35381.27275,35381.27275,0,0.000100896,7.77E-07,
2130,1518.7419,1518.7419,-2E-07,2935.726901,9.71E-01,
2131,16349.28483,16349.28483,4.1E-06,3000.047546,1.07E+01,
2132,3560.829813,3560.829813,-4E-07,81.71578038,6.34E-02,
2133,70522.8328,70522.8328,-2.5E-06,3167.161283,4.86E+01,
2134,16314.88553,16314.88553,1.5E-06,3879.538221,1.38E+01,
2135,430559.3404,430559.3404,2.9502E-05,1665.218925,1.56E+02,
2136,58102.38384,58102.38384,2.00089E-09,196.4870551,2.49E+00,
2137,29521.74733,29521.74733,1E-06,3080.572049,1.98E+01,
2138,413242.1314,413242.1314,4.2702E-05,491.8338581,4.43E+01,
2139,292877.9628,292877.9628,-1.0598E-05,0.000100896,6.43E-06,
2140,421777.1011,421777.1011,-3.8598E-05,0.000100896,9.27E-06,
2141,137145.9471,137145.9471,4.02011E-07,2470.771012,7.38E+01,
2142,162759.7257,162759.7257,8E-06,2373.037629,8.41E+01,
2143,338185.6075,338185.6075,4.7202E-05,2034.47501,1.50E+02,
2144,453507.3803,453507.3803,6.70197E-06,52.09189978,5.14E+00,
2145,246388.6132,246388.6132,-2.9498E-05,1307.304334,7.01E+01,
2146,85229.57201,85229.57201,-3.99801E-06,1881.217628,3.49E+01,
2147,81793.72292,81793.72292,-2.898E-06,3895.650675,6.94E+01,
2148,460845.9325,460845.9325,2.08203E-06,2057.299839,2.06E+02,
2149,313148.3257,313148.3257,-1.2398E-05,3302.19533,2.25E+02,
2150,447734.5447,447734.5447,9.68197E-06,4521.172026,4.41E+02,
2151,424467.9894,424467.9894,2.5002E-05,3117.593258,2.88E+02,
2153,303658.6838,303658.6838,-1.9298E-05,923.2394408,6.10E+01,
2154,59282.51002,59282.51002,4.702E-06,3095.619133,4.00E+01,
2155,566423.9373,565159.982,1263.955265,3362.512515,4.15E+02,
2156,510035.8798,510035.8798,1.562E-06,2735.957623,3.04E+02,
2157,577337.4705,576916.0752,421.3952909,4217.551468,5.30E+02,
2158,535165.0208,533913.6018,1251.419033,3353.119819,3.91E+02,
2161,102077.1689,102077.1689,-4.2038E-05,4495.984588,9.99E+01,
2162,66302.35826,66302.35826,-2.598E-06,4429.411981,6.39E+01,
2163,86570.83355,86570.83355,-1.99799E-06,3086.166116,5.82E+01,
2164,97528.9933,97528.9933,-3.138E-06,3539.846183,7.52E+01,
2165,79949.57113,79949.57113,1.50201E-06,3346.808053,5.83E+01,
2166,173245.0448,173245.0448,1.862E-06,2042.022407,7.70E+01,
2167,91414.42116,91414.42116,-3.398E-06,,0.00E+00,
2170,755.4959175,755.4959175,0,,0.00E+00,
2171,2084.044774,2084.044774,0,2844.145915,1.29E+00,
2200,459135.7205,459135.7205,4.4302E-05,3446.999999,3.45E+02,
2201,655969.1574,653087.5983,2881.559062,1163,1.66E+02,
2202,656166.0532,654712.6712,1453.381989,1799,2.57E+02,
2203,656054.7296,655861.9201,192.8095193,2181,3.12E+02,
2204,541718.1167,536731.4015,4986.715237,3027.697373,3.57E+02,
2205,548256.786,546009.176,2247.609954,4029,4.81E+02,
2206,441351.7132,441351.7132,8.88202E-06,2764.604725,2.66E+02,
2207,30638.9621,30638.9621,-1.798E-06,2728.697903,1.82E+01,
2208,621903.516,621903.516,4.68211E-06,1572.770085,2.13E+02,
2209,296024.4764,296024.4764,-1.7518E-05,2753.107462,1.77E+02,
2210,478283.2305,478283.2305,-4.9418E-05,3670.503762,3.82E+02,
2211,413878.9195,413861.3007,17.61883828,1394.877518,1.26E+02,
2212,530222.1659,530020.3564,201.8094952,2287.117702,2.64E+02,
2213,600923.3466,600328.4002,594.9463513,2998.537808,3.92E+02,
2214,602012.4169,598073.9156,3938.501258,3758.240498,4.93E+02,
2215,628901.8757,626018.2197,2883.656043,2450.721759,3.36E+02,
2216,367723.6085,367723.6085,-4.3518E-05,2296.486968,1.84E+02,
2217,15475.10693,15475.10693,1.302E-06,472.636337,1.59E+00,
2218,561047.1462,561047.1462,-2.76179E-05,0.00010217,1.25E-05,
2298,831764.9389,830491.3826,1273.556306,325.6750323,5.90E+01,
2299,442514.5827,438444.3624,4070.220262,2505.315498,2.41E+02,
2300,267608.2659,267608.2659,-3.9295E-05,897.0346873,5.23E+01,
2301,292446.2104,292446.2104,-3.5735E-05,2997.979623,1.91E+02,
2302,332639.2724,331177.4323,1461.84012,3837.585869,2.78E+02,
2303,131960.0635,131960.0635,3.2795E-05,2186.49463,6.28E+01,
2304,303305.8854,303305.8854,3.71039E-05,2461.442488,1.63E+02,
2305,942845.3814,937625.1613,5220.220143,987.7635605,2.03E+02,
2306,233142.4153,233142.4153,2.905E-06,1347.840935,6.84E+01,
2307,1014671.624,1005080.04,9591.583824,109.0329778,2.41E+01,
2308,273631.6804,273631.6804,4.8405E-05,2930.029553,1.75E+02,
2309,231788.4489,231788.4489,-1.5735E-05,1439.031804,7.26E+01,
2310,142787.0196,142787.0196,3.5615E-05,641.5684265,1.99E+01,
2311,872902.1381,870168.0448,2734.093343,2661.214893,5.06E+02,
2312,256028.408,256028.408,-4.7235E-05,2121.574659,1.18E+02,
2313,223083.9914,223083.9914,-3.3535E-05,2865.696658,1.39E+02,
2314,248579.9083,248579.9083,-1.2265E-05,1369.453508,7.41E+01,
2315,207960.1309,207960.1309,-1.5905E-05,15.08202321,6.83E-01,
2316,178004.6295,178004.6295,8.26499E-06,2026.183175,7.85E+01,
2318,110989.2688,110989.2688,-3.3195E-05,3673.188397,8.88E+01,
2319,137645.0215,137645.0215,4.4474E-05,3276.302826,9.82E+01,
2320,82697.06018,82697.06018,-1.705E-06,1675.998572,3.02E+01,
2321,153538.8864,153538.8864,-3.5405E-05,1056.629584,3.53E+01,
2322,176308.1,176308.1,3.2745E-05,2364.101467,9.08E+01,
2323,97043.78688,97043.78688,7.64994E-07,2727.460133,5.76E+01,
2324,75872.02332,75872.02332,2.98501E-06,4003.192855,6.61E+01,
2325,123696.2554,123696.2554,-2.0825E-05,3981.126166,1.07E+02,
2328,106721.2045,106721.2045,-2.549E-05,1.00E-06,2.32E-08,
2329,284064.077,284064.077,-2.5125E-05,942,5.83E+01,
2330,137599.133,137599.133,-9.74E-06,1.00E-06,3.00E-08,
2331,203773.187,203773.187,-1.185E-05,1.00E-06,4.44E-08,
2334,112888.5749,112888.5749,3.891E-05,2567.149228,6.31E+01,
2335,61403.65896,61403.65896,4.1E-06,981.7953215,1.31E+01,
2336,76087.56181,76087.56181,8.00006E-07,2411.49585,4.00E+01,
2337,89248.7978,89248.7978,-4.72501E-06,0.000112062,2.18E-06,
2338,98674.64349,98674.64349,-4.965E-06,2169.246557,4.66E+01,
2339,96496.97997,96496.97997,3.94997E-07,3210.002718,6.74E+01,
2340,208834.3547,208834.3547,-1.7925E-05,0.607965824,2.76E-02,
2341,155958.3942,155958.3942,-1.0255E-05,493.8977028,1.68E+01,
2342,204857.0763,204857.0763,-7.73597E-06,0.000112062,5.00E-06,
2343,122993.5589,122993.5589,4.3545E-05,6.804434505,1.82E-01,
2346,261982.8735,261982.8735,3.13E-06,3961.203291,2.26E+02,
2347,225173.3654,225173.3654,-1.3045E-05,3716.454511,1.82E+02,
2348,179458.4704,179458.4704,2.469E-05,5420.116026,2.12E+02,
2349,81319.192,81319.192,4.65001E-06,1316.735235,2.33E+01,
2350,167488.2189,167488.2189,-6.22001E-06,4062.26405,1.48E+02,
2351,124898.0973,124898.0973,8.13001E-06,2659.46514,7.23E+01,
2352,137208.7538,137208.7538,-1.807E-05,3440.30807,1.03E+02,
2353,157651.6439,157651.6439,-3.572E-05,2716.453677,9.32E+01,
2356,267964.5692,267964.5692,-6.86501E-06,1916.145856,1.12E+02,
2357,189743.0669,189743.0669,2.316E-05,10.99703407,4.54E-01,
2358,747294.316,744364.6854,2929.630613,2435.18783,3.96E+02,
2359,377668.8145,374495.7527,3173.06176,1042.080088,8.57E+01,
2360,371653.3635,367384.4564,4268.907081,3384.261344,2.74E+02,
2361,233230.1685,233230.1685,-4.893E-05,3271.678014,1.66E+02,
2362,196842.7248,196842.7248,5.42001E-06,2397.629288,1.03E+02,
2363,110614.3514,110614.3514,8.47E-06,2647.020545,6.38E+01,
2366,81407.58683,81407.58683,-3.725E-06,2363.396939,4.19E+01,
2367,265618.9103,264437.6516,1181.258667,1709.553722,9.89E+01,
2368,509566.2231,507183.6889,2382.534237,2530.063739,2.81E+02,
2369,64510.83325,64510.83325,3.71499E-06,4.406918684,6.19E-02,
2370,758430.4349,750003.6259,8426.808952,3068.863947,5.07E+02,
2371,243119.8766,236497.8379,6622.038712,1066.605242,5.65E+01,
2372,442802.6367,442531.5322,271.1044543,2872.936688,2.77E+02,
2373,647372.7975,634428.8713,12943.92616,2258.526235,3.18E+02,
2374,93548.28125,93548.28125,2.60401E-06,2218.178992,4.52E+01,
2375,85065.56931,85065.56931,4.894E-06,3324.420645,6.16E+01,
2376,82818.72131,82818.72131,9.20001E-07,2011.3055,3.63E+01,
2377,33594.87262,33594.87262,5.29995E-07,3229.741432,2.36E+01,
2380,199381.3218,199381.3218,3.4065E-05,2547.701181,1.11E+02,
2381,241180.1008,239648.4733,1531.627535,4634.209866,2.43E+02,
2382,594695.9304,584187.0734,10508.857,1705.138607,2.21E+02,
2383,768316.489,748807.9835,19508.50553,1967.313659,3.29E+02,
2384,845703.9886,843246.9497,2457.038932,1051.702311,1.94E+02,
2385,621548.3378,608604.4116,12943.92617,1209.417554,1.64E+02,
2386,156986.2743,156986.2743,2.2894E-05,1257.839948,4.30E+01,
2387,133808.4396,133808.4396,-3.627E-05,2458.676874,7.16E+01,
2390,660951.487,655484.6208,5466.866232,3235.15523,4.66E+02,
2391,245420.8642,245420.8642,-4.125E-06,1288.937894,6.89E+01,
2392,189758.7976,189758.7976,5.64501E-06,1944.881209,8.04E+01,
2393,224775.8399,224775.8399,4.0545E-05,3482.980018,1.70E+02,
2394,226056.6309,226056.6309,-1.2165E-05,2728.750928,1.34E+02,
2395,413329.0726,412292.4943,1036.578331,2507.201134,2.26E+02,
2396,151285.0707,151285.0707,-3.4725E-05,1485.145696,4.89E+01,
2397,592811.061,592683.0421,128.0188502,1842.728473,2.38E+02,
2398,131858.4663,131858.4663,-3.5885E-05,3095.219417,8.89E+01,
2500,710569.514,695204.609,15364.90505,1492.720173,2.31E+02,
2501,728583.9032,722706.5992,5877.303986,5120.755299,8.12E+02,
2502,607365.4151,592986.0116,14379.4035,3291.587935,4.35E+02,
2503,879547.9528,873181.2288,6366.72403,844.4074311,1.62E+02,
2504,994343.1177,983702.914,10640.20372,1077.771787,2.33E+02,
2505,766429.941,759028.5863,7401.354698,3047.21827,5.09E+02,
2506,301873.8623,296511.2434,5362.618931,3373.958702,2.22E+02,
2507,841145.7972,832306.1266,8839.670566,1658.580402,3.04E+02,
2508,1053772.854,1046873.117,6899.737263,2001.965476,4.59E+02,
2509,938621.1129,930540.8497,8080.263201,3955.995471,8.08E+02,
2510,922766.7728,922266.5733,500.1995392,3574.005615,7.18E+02,
2511,1202396.416,1194168.173,8228.24253,2415.985601,6.33E+02,
2512,816951.3515,812920.5826,4030.768918,2876.078812,5.12E+02,
2513,822485.8945,817784.6303,4701.264197,2806.951555,5.03E+02,
2514,904449.96,904122.2786,327.6813785,2246.022826,4.42E+02,
2515,1105012.971,1102505.292,2507.678829,1303.988876,3.14E+02,
2516,685699.15,683553.2572,2145.892781,2416.970507,3.61E+02,
2517,698631.9883,698631.9883,-1.5988E-05,2562.962313,3.90E+02,
2518,530580.5541,519274.2417,11306.31238,1924.115546,2.22E+02,
2519,709075.1623,709075.1623,4.4512E-05,2640.430461,4.08E+02,
2520,843551.142,833337.517,10213.62501,3822.857646,7.02E+02,
2521,663538.4207,658738.5624,4799.858312,2964.623029,4.28E+02,
2522,572877.1895,562069.1556,10808.03393,2398.373659,2.99E+02,
2523,934802.0691,931812.693,2989.376076,1101.975055,2.24E+02,
2524,839541.3452,834132.7268,5408.618404,3181.830242,5.82E+02,
2525,693264.2974,692557.8313,706.466118,2574.277672,3.89E+02,
2526,447471.3698,444762.8817,2708.488078,3458.059598,3.37E+02,
2527,157449.2673,157449.2673,8.28999E-06,2907.572554,9.97E+01,
2528,454903.3473,454760.2617,143.0855978,8.52E-05,8.44E-06,
2529,833127.4722,830276.2704,2851.201809,2334.995988,4.24E+02,
2530,805847.1027,801878.2875,3968.815165,1530.961414,2.69E+02,
2531,583303.2806,573515.4147,9787.865918,3411.89255,4.33E+02,
2532,494302.4348,484864.9377,9437.497077,4237.453444,4.56E+02,
2533,964546.6777,963188.6065,1358.07116,3050.848411,6.41E+02,
2534,562920.7203,553483.2233,9437.497035,2703,3.31E+02,
2535,916172.4474,913767.1444,2405.302982,1544.864112,3.08E+02,
2536,598911.2821,597138.7504,1772.53168,2684.629574,3.50E+02,
2537,644511.548,642830.5345,1681.013543,2953.311909,4.14E+02,
2538,676150.7475,674898.617,1252.130461,2795.68099,4.12E+02,
2539,641858.6887,639155.7799,2702.908847,2057,2.87E+02,
2540,464540.8473,456695.661,7845.186258,1255,1.27E+02,
2541,252122.6928,252122.6928,-4.2135E-05,1588.050341,8.72E+01,
2542,258009.1476,258009.1476,1.464E-05,2282.421576,1.28E+02,
2543,819103.9637,812017.7378,7086.225907,2699.085486,4.81E+02,
2544,254354.8931,254354.8931,9.87502E-06,2052.065019,1.14E+02,
2545,294218.9004,293182.3221,1036.578329,2205.774569,1.41E+02,
2546,156367.8259,156367.8259,-3.047E-05,3222.400852,1.10E+02,
2547,156158.9547,156158.9547,2.121E-05,0.000108559,3.69E-06,
2548,207540.1463,207540.1463,1.935E-05,2275.072074,1.03E+02,
2549,116890.0617,116890.0617,5.47999E-06,1152.737759,2.93E+01,
2550,273683.2177,272646.6393,1036.578368,1870.319011,1.11E+02,
2551,595999.564,586562.067,9437.497041,2539.334915,3.30E+02,
2552,130901.3028,130901.3028,4.036E-05,3549.6311,1.01E+02,
2553,160042.8824,160042.8824,1.029E-05,4276.776359,1.49E+02,
2554,358378.6584,355594.3485,2784.309875,2502.256377,1.95E+02,
2555,162952.5555,162952.5555,-3.366E-05,914.4361806,3.24E+01,
2556,223189.2374,223189.2374,4.738E-05,3242.899983,1.58E+02,
2557,388867.2353,384662.8057,4204.429577,1808.057301,1.53E+02,
2600,422516.542,421192.1977,1324.344267,2919.502394,2.69E+02,
2601,723709.4743,722865.955,843.519306,1911.158522,3.01E+02,
2602,629280.4601,614841.9629,14438.49718,3419.206743,4.68E+02,
2603,809058.1399,809058.1399,-4.33996E-06,3199.33876,5.64E+02,
2604,985019.6817,979885.3046,5134.377136,5288.066173,1.13E+03,
2605,843492.5148,840665.1914,2827.323397,2710.011603,4.98E+02,
2606,1016645.087,1011263.658,5381.428887,1190.217755,2.63E+02,
2607,688072.9169,683082.1104,4990.806505,1640.327854,2.46E+02,
2608,987395.0347,983047.7692,4347.265454,2495.170195,5.36E+02,
2609,614537.3652,601949.519,12587.84624,2799.1542,3.75E+02,
2610,752473.2888,748139.4068,4333.881954,2665.825252,4.37E+02,
2611,219969.6839,218933.1055,1036.578361,1025.22275,4.91E+01,
2612,938446.7734,937820.6018,626.1715986,4565.862961,9.33E+02,
2613,758207.2735,754201.0992,4006.17429,3600.110421,5.94E+02,
2614,963971.2616,962087.6055,1883.656108,3157.673769,6.63E+02,
2615,59143.44415,59143.44415,-3.09E-06,2064.639166,2.66E+01,
2616,655408.3756,650085.2705,5323.105101,2220.687468,3.17E+02,
2617,114668.2351,114668.2351,-1.859E-05,2661.824013,6.65E+01,
2620,432401.3402,417801.0589,14600.28127,2191.387514,2.06E+02,
2621,724952.506,722388.4839,2564.022058,3255.604381,5.14E+02,
2622,627244.5965,626952.9775,291.6190292,1508.88975,2.06E+02,
2623,658950.5086,651628.108,7322.400564,3628.3301,5.21E+02,
2624,321426.1758,311694.7532,9731.422593,3712.788255,2.60E+02,
2627,949677.8166,947794.1604,1883.656152,1713.463124,3.54E+02,
2628,711397.2165,707657.9979,3739.218635,2270.613682,3.52E+02,
2629,881987.1821,880748.2015,1238.98061,1465.396088,2.81E+02,
2630,502637.6478,502287.279,350.3687717,2078.561784,2.27E+02,
2631,754982.2429,743836.8945,11145.34843,2489.817671,4.09E+02,
2632,59026.26226,59026.26226,-1.38E-06,1962.865089,2.52E+01,
2633,75236.145,75236.145,2.82E-06,1045.282561,1.71E+01,
2636,540036.7761,534515.2377,5521.538396,2134.048845,2.51E+02,
2637,203593.9339,203593.9339,-7.8E-06,2947.80191,1.31E+02,
2638,276823.4762,276552.3717,271.1044593,1345.717364,8.11E+01,
2639,172236.7439,172236.7439,-3.753E-05,385.7888198,1.45E+01,
2640,147273.2013,147273.2013,-2.574E-05,3540.597246,1.14E+02,
2641,85964.60742,85964.60742,2.86E-06,2421.189957,4.53E+01,
2642,87046.77723,87046.77723,3.76999E-06,2120.041962,4.02E+01,
2643,79502.37035,79502.37035,1.61001E-06,3690.813897,6.39E+01,
2646,205102.2361,205102.2361,-2.615E-05,3194.209848,1.43E+02,
2647,277385.2343,273979.9961,3405.238201,2285.744132,1.38E+02,
2648,651021.3563,651021.3563,1.502E-05,2424.677474,3.44E+02,
2649,701373.2439,688158.5763,13214.66758,3763.368545,5.75E+02,
2652,1081551.275,1076702.391,4848.884195,2118.33563,4.99E+02,
2653,1005956.012,1000574.583,5381.429247,5472.283572,1.20E+03,
2654,758008.861,755375.7458,2633.11522,3536.502762,5.84E+02,
2655,375946.9537,367468.7038,8478.249917,3341.523959,2.74E+02,
2656,492201.8016,484597.3068,7604.494839,1396.899017,1.50E+02,
2657,334914.3513,321728.0782,13186.27312,2227.303443,1.62E+02,
2658,83513.48176,83513.48176,2.54001E-06,1594.860416,2.90E+01,
2659,55543.96743,55543.96743,-1.58E-06,301.3691626,3.64E+00,
2660,145938.3577,144472.593,1465.764705,2516.210825,8.00E+01,
2699,1169538.662,1168832.662,706.0003979,725.1453529,1.85E+02,
2700,1124736.623,1122352.827,2383.796011,1878.941911,4.60E+02,
2701,985686.4872,985686.4872,-1.43399E-05,1875.940406,4.03E+02,
2702,1414871.668,1411547.01,3324.657837,2775.804459,8.55E+02,
2703,918165.398,918165.398,-3.639E-05,2198.101889,4.39E+02,
2704,1086697.824,1083670.64,3027.183509,1205.656565,2.85E+02,
2705,1066789.743,1061271.909,5517.833763,3480.614018,8.08E+02,
2706,833099.9129,828437.9855,4661.927434,564.9563288,1.02E+02,
2707,1037356.827,1031576.595,5780.23161,1529.45902,3.45E+02,
2708,616480.069,615323.8097,1156.25933,9.74E-05,1.31E-05,
2709,480431.8811,477632.1659,2799.715183,764.3832412,8.00E+01,
2710,644516.1022,641424.5923,3091.509853,1561.472948,2.19E+02,
2711,844868.2625,839296.0333,5572.229219,1389.275128,2.56E+02,
2712,949645.3943,937190.6859,12454.7084,1115.0011,2.31E+02,
2713,765506.1817,762532.4669,2973.714821,1778.247539,2.96E+02,
2716,649207.6504,647476.4118,1731.238587,1592.983365,2.25E+02,
2717,553695.6271,539322.6285,14372.99858,2324.254844,2.80E+02,
2718,500405.2697,490734.4877,9670.781992,2870.889782,3.13E+02,
2719,712086.7568,709040.3244,3046.432444,3181.294946,4.93E+02,
2720,589390.1504,578597.9181,10792.23226,3562.744812,4.57E+02,
2721,320960.5724,315997.6819,4962.8905,1780.216471,1.24E+02,
2722,639604.2934,636172.2186,3432.074837,2802.160225,3.90E+02,
2723,951686.773,946962.7421,4724.03094,4019.003766,8.33E+02,
2724,638362.8352,631732.5425,6630.292707,2552.175051,3.55E+02,
2725,940430.7317,937441.3556,2989.376055,3230.276738,6.61E+02,
2728,919262.6449,916635.021,2627.623926,2368.399697,4.74E+02,
2729,979750.3994,979750.3994,-2.913E-05,1838.59334,3.92E+02,
2730,615875.9882,601630.1891,14245.79915,2939.294725,3.94E+02,
2731,649122.8657,648416.3996,706.4660981,2084.193932,2.95E+02,
2732,721627.4282,720654.6242,972.8039949,2538.14915,3.99E+02,
2733,375372.0571,351169.754,24202.30309,1530.369156,1.25E+02,
2736,977126.9228,974259.376,2867.546764,3801.666002,8.09E+02,
2737,680597.2617,675373.7426,5223.519096,2930.563457,4.34E+02,
2738,739640.8649,738883.6006,757.264255,2416.174257,3.89E+02,
2739,283512.7199,282959.4393,553.2806483,1430.786918,8.83E+01,
2740,680762.6167,676231.4874,4531.12935,414.9382765,6.15E+01,
2741,370343.0661,370071.9617,271.1043997,865.8710889,6.98E+01,
2744,875537.1908,874448.6687,1088.52206,4630.006397,8.83E+02,
2745,800910.8026,798083.4792,2827.323366,3929.865273,6.85E+02,
2746,595670.4027,579726.424,15943.97872,1776.59589,2.30E+02,
2747,399919.406,396881.8855,3037.520538,1823.447485,1.59E+02,
2748,249568.429,249568.429,4.186E-05,1422.801471,7.73E+01,
2749,148498.0189,148498.0189,6.61E-06,1621.633679,5.24E+01,
2750,135776.1001,135776.1001,-2.179E-05,1602.649805,4.74E+01,
2753,242943.5923,199016.7458,43926.84648,951.2999387,5.03E+01,
2754,242908.7298,202766.9167,40141.81314,2390.372199,1.26E+02,
2755,627165.7617,617978.6801,9187.081592,2578.301557,3.52E+02,
2756,461588.1394,454643.239,6944.900396,4135.972655,4.16E+02,
2757,352765.1381,336292.2551,16472.88301,3125.517245,2.40E+02,
2758,192200.2793,181991.7062,10208.57306,1701.536407,7.12E+01,
2761,986575.2879,981474.2927,5100.995223,1323.645837,2.84E+02,
2762,718851.7635,714288.5057,4563.257774,1327.974997,2.08E+02,
2763,790620.5554,789134.5724,1485.98296,2474.834098,4.26E+02,
2764,993624.9207,981248.4902,12376.43045,2678.448843,5.79E+02,
2765,865154.0364,862586.2159,2567.820451,1942.530996,3.66E+02,
2766,884406.8479,880387.555,4019.292921,2688.772794,5.18E+02,
2767,591074.0117,590223.7333,850.2783754,1351.455529,1.74E+02,
2768,912762.0787,910878.4226,1883.656136,4664.437408,9.27E+02,
2769,541264.7884,531849.9498,9414.838564,2668.899497,3.15E+02,
2772,103167.9935,103167.9935,-2.069E-05,2832.06168,6.36E+01,
2773,90155.64618,90155.64618,-5.60001E-07,3766.108634,7.39E+01,
2774,104915.7319,104915.7319,3.871E-05,2717.877706,6.21E+01,
2775,79211.37544,79211.37544,2.94E-06,3195.692505,5.51E+01,
2776,86578.71359,86578.71359,4.74E-06,4266.259474,8.04E+01,
2800,9788.398894,9788.398894,1.00001E-07,3764,8.02E+00,
2801,9738.37466,9738.37466,4.00001E-07,2246.993646,4.76E+00,
2802,86432.50018,86432.50018,-3.69E-06,4250.132739,8.00E+01,
2803,11976.80174,11976.80174,-3.1E-06,2882.274548,7.52E+00,
2804,11766.47509,11766.47509,2.9E-06,2055.796839,5.27E+00,
2805,10618.71651,10618.71651,-2.8E-06,3950.746994,9.13E+00,
2806,28929.953,28929.953,4.1E-06,3200.867261,2.02E+01,
2807,59461.47534,59461.47534,2.60001E-06,3966.162034,5.13E+01,
2808,16102.15173,16102.15173,3.7E-06,2320.025939,8.13E+00,
2811,1361.867614,1361.867614,3E-07,3731.853556,1.11E+00,
2812,12328.90717,12328.90717,-1.4E-06,2446.858772,6.57E+00,
2813,146.6724568,146.6724568,0,502.3708933,1.60E-02,
2816,17416.13479,17416.13479,-2.95E-06,1560.125442,5.92E+00,
2817,56982.41229,56982.41229,4.43E-06,1699.225778,2.11E+01,
2818,50352.67157,50352.67157,3.22E-06,3021.04906,3.31E+01,
2819,89018.74536,89018.74536,-2.67E-06,4578.59972,8.87E+01,
2822,324.1058791,324.1058791,1E-08,9.08E-05,6.41E-09,
2823,117527.1189,117527.1189,1.214E-05,2369.547095,6.06E+01,
2824,85456.07357,85456.07357,2.98001E-06,3784.489804,7.04E+01,
2825,12122.4437,12122.4437,6.00001E-07,1575.827641,4.16E+00,
2826,100145.7999,100145.7999,-1.132E-05,4439.831435,9.68E+01,
2827,99617.51786,99617.51786,-1.92001E-06,3086.326282,6.69E+01,
2828,103195.5406,103195.5406,1.367E-05,1912.314114,4.30E+01,
2829,2082.458465,2082.458465,-1E-07,323.2138013,1.47E-01,
2830,16107.83904,16107.83904,1.3999E-06,4273.449647,1.50E+01,
2831,2519.860954,2519.860954,4E-07,9.08E-05,4.98E-08,
2834,56234.69946,56234.69946,4.89999E-06,2659.309036,3.26E+01,
2835,154565.8047,153529.2263,1036.578389,4085.938303,1.38E+02,
2836,55368.94862,55368.94862,5.09994E-07,2638.314492,3.18E+01,
2837,52380.45173,52380.45173,-4.6E-06,2203.751579,2.51E+01,
2838,65791.76296,65791.76296,-1.99987E-07,2608.824252,3.74E+01,
2839,357317.8263,351392.6816,5925.144724,4699.453279,3.66E+02,
2840,705321.3777,703417.3118,1904.065939,2007.154353,3.08E+02,
2841,73124.52335,73124.52335,1.60999E-06,936.2547065,1.49E+01,
2844,24.70804902,24.70804902,0,,0.00E+00,
2845,76.38164877,76.38164877,0,,0.00E+00,
2848,68248.35137,68248.35137,1.50999E-06,1891.820874,2.81E+01,
2849,128198.9026,128198.9026,-1.328E-05,2595.616826,7.25E+01,
2850,102195.1822,102195.1822,-6.48E-06,4131.853549,9.19E+01,
2851,100438.0904,100438.0904,-1.007E-05,1380.124085,3.02E+01,
2852,592747.4093,580354.1126,12393.29667,2259.940454,2.92E+02,
2853,95806.14645,95806.14645,1.43E-06,3059.710231,6.38E+01,
2854,342796.31,337141.9153,5654.394685,2098.358704,1.57E+02,
2855,134312.3711,134312.3711,3.163E-05,0.000101369,2.96E-06,
2856,84140.48086,84140.48086,4.71E-06,1692.412131,3.10E+01,
2857,254545.329,253573.2281,972.1008809,2438.163047,1.35E+02,
2895,3101.832777,3101.832777,-4.0001E-07,,0.00E+00,
2896,69722.51739,69722.51739,2.11001E-06,694.8652929,1.05E+01,
2897,51154.98828,51154.98828,3.81E-06,1146.370642,1.28E+01,
2898,62117.45829,62117.45829,3.81E-06,718.2677856,9.71E+00,
2899,76246.93829,76246.93829,9.09989E-07,2024.029007,3.36E+01,
2900,100125.9716,100125.9716,-2.068E-05,596.5117214,1.30E+01,
2901,70983.01809,70983.01809,-3.29E-06,9.87E-05,1.53E-06,
2902,102257.3187,102257.3187,3.972E-05,3129.355111,6.97E+01,
2903,88898.00288,88898.00288,8.10003E-07,3297.648864,6.38E+01,
2904,114591.0351,114591.0351,-4.137E-05,3473.682706,8.67E+01,
2905,96883.3627,96883.3627,-9.00036E-08,1724.8015,3.64E+01,
2906,70298.99936,70298.99936,4.11E-06,1486.71163,2.28E+01,
2907,58635.35853,58635.35853,-1.89E-06,3048.408573,3.89E+01,
2908,57561.82939,57561.82939,3.71E-06,3365.34707,4.22E+01,
2909,58371.41672,58371.41672,4.41E-06,1440,1.83E+01,
2910,47249.61423,47249.61423,4.01E-06,1823,1.88E+01,
2913,25217.74305,25217.74305,3.5E-06,,0.00E+00,
2914,72730.38524,72730.38524,3.71E-06,1449.407605,2.30E+01,
2915,58384.6669,58384.6669,1.91E-06,2092.126277,2.66E+01,
2916,80068.63561,80068.63561,1.91E-06,1839.395161,3.21E+01,
2917,71128.00667,71128.00667,-2.19001E-06,3905.265971,6.05E+01,
2918,74419.81382,74419.81382,1.11001E-06,3068.173555,4.97E+01,
2919,101608.1041,101608.1041,-4.607E-05,5379.383282,1.19E+02,
2920,68855.54723,68855.54723,4.41E-06,3606.752846,5.41E+01,
2921,35892.5605,35892.5605,-3.09E-06,,0.00E+00,
2922,39811.55042,39811.55042,1.4E-06,2149.47812,1.86E+01,
2923,447.9825291,447.9825291,4E-08,527.8719141,5.15E-02,
2924,447.9825291,447.9825291,4E-08,2016.510411,1.97E-01,
2927,121374.8956,121374.8956,6.23E-06,4234.339882,1.12E+02,
2928,184324.769,184324.769,4.303E-05,3111.291769,1.25E+02,
2929,63546.55211,63546.55211,-3.39E-06,3845.870367,5.32E+01,
2930,33134.24376,33134.24376,-2.6E-06,3868.039701,2.79E+01,
2931,37907.49166,37907.49166,-4.3E-06,,0.00E+00,
2932,93092.48824,93092.48824,-3.08E-06,1143.301857,2.32E+01,
2934,80003.8672,80003.8672,4.42001E-06,2901.466113,5.05E+01,
2935,88469.40261,88469.40261,4.22E-06,1574.856287,3.03E+01,
2936,147447.0805,147447.0805,1.523E-05,1833.959399,5.89E+01,
2937,108691.1426,108691.1426,-2.797E-05,2988.122876,7.07E+01,
2938,84142.40366,84142.40366,-4.88E-06,2980.626386,5.46E+01,
2939,93625.51786,93625.51786,3.21999E-06,2688.116245,5.48E+01,
2940,65143.59893,65143.59893,4.71E-06,2794.550837,3.96E+01,
2943,100571.3746,100571.3746,3.341E-05,2571.448599,5.63E+01,
2944,80806.42246,80806.42246,-7.90096E-07,1535.865253,2.70E+01,
2945,48171.78034,48171.78034,6.10002E-07,3724.85592,3.91E+01,
2946,60682.52106,60682.52106,2.11E-06,3737.729532,4.94E+01,
2947,72431.54273,72431.54273,-1.09999E-06,2275.167763,3.59E+01,
2948,67111.51553,67111.51553,-2.29001E-06,,0.00E+00,
2949,68365.69183,68365.69183,4.80001E-06,489.5688759,7.29E+00,
3000,812.1140136,812.1140136,0,,0.00E+00,
3001,693.2713632,693.2713632,0,4121.034123,6.22E-01,
3002,197.3527728,197.3527728,0,416.5523779,1.79E-02,
3003,140.1087771,140.1087771,0,993.9008694,3.03E-02,
3004,78.21740112,78.21740112,0,303.4627952,5.17E-03,
3005,391.0864109,391.0864109,0,790.5630257,6.73E-02,
3006,232.3273929,232.3273929,0,1077.460631,5.45E-02,
3007,2955.754342,2955.754342,-3.0001E-07,1417.213152,9.12E-01,
3008,226.9551137,226.9551137,0,,0.00E+00,
3009,1181.443741,1181.443741,0,2639.038611,6.79E-01,
3010,172.3741644,172.3741644,0,1899.921314,7.13E-02,
3011,470.904942,470.904942,0,,0.00E+00,
3012,142.7458282,142.7458282,0,103.9932437,3.23E-03,
3013,2703.074812,2703.074812,0,,0.00E+00,
3014,70.4392519,70.4392519,0,,0.00E+00,
3015,552.9651472,552.9651472,0,,0.00E+00,
3016,1510.365919,1510.365919,-3E-07,3002.717493,9.87E-01,
3017,2063.331066,2063.331066,-1E-07,2101.524231,9.44E-01,
3018,212.0823414,212.0823414,0,995.9299746,4.60E-02,
3019,706.552471,706.552471,0,2086.293185,3.21E-01,
3022,536.8016961,536.8016961,0,,0.00E+00,
3023,901.9288435,901.9288435,0,,0.00E+00,
3024,126.701625,126.701625,0,,0.00E+00,
3025,107.872614,107.872614,0,729.9816234,1.71E-02,
3100,4274.26502,4274.26502,1.99991E-07,2095.981817,1.95E+00,
3101,38224.11418,38224.11418,5.4E-07,480.672086,4.00E+00,
3102,35378.37446,35378.37446,-1.05E-06,1068.259581,8.23E+00,
3103,34277.26054,34277.26054,4.22E-06,1758.395486,1.31E+01,
3104,8755.907792,8755.907792,-3.99999E-07,946.219112,1.80E+00,
3105,9717.502151,9717.502151,0,4642.998912,9.82E+00,
3106,8431.662895,8431.662895,4.00001E-07,2280.473007,4.19E+00,
3108,23863.41913,23863.41913,3.40002E-07,2272.822247,1.18E+01,
3109,25402.557,25402.557,4.07E-06,2513.848072,1.39E+01,
3111,25430.72978,25430.72978,3.61E-06,3108,1.72E+01,
3112,35538.16018,35538.16018,0,2884,2.23E+01,
3113,6040.557796,6040.557796,-3E-07,1492.32968,1.96E+00,
3114,44230.51263,44230.51263,-3.74E-06,1177.357215,1.13E+01,
3115,37778.29447,37778.29447,1.76E-06,1935.642785,1.59E+01,
3116,35610.50688,35610.50688,2.94E-06,2082.083259,1.61E+01,
3117,36792.57708,36792.57708,1.89997E-07,4071.91674,3.26E+01,
3120,30773.50503,30773.50503,4.99E-06,65,4.36E-01,
3121,40049.10882,40049.10882,3.73E-06,2781,2.43E+01,
3122,54758.36233,54758.36233,4.25E-06,2666,3.18E+01,
3123,35075.6813,35075.6813,-2.67E-06,4544,3.47E+01,
3124,42069.26629,42069.26629,3.32E-06,3402,3.12E+01,
3125,40885.72891,40885.72891,4.30002E-07,3617.576502,3.22E+01,
3126,29065.39234,29065.39234,4.1E-06,3058,1.94E+01,
3127,15286.31124,15286.31124,3.39998E-07,1848.673664,6.15E+00,
3128,9997.235792,9997.235792,-3.6E-07,1641,3.57E+00,
3129,13957.20311,13957.20311,3.6E-07,924.749835,2.81E+00,
3130,22432.70357,22432.70357,-2.2E-06,1690,8.25E+00,
3131,5502.834389,5502.834389,-1.60009E-07,3091,3.70E+00,
3200,44126.84861,44126.84861,-2.24E-06,3736.733757,3.59E+01,
3201,37260.84687,37260.84687,-3.54E-06,1372.775363,1.11E+01,
3202,51288.33212,51288.33212,3.439E-06,2381.610194,2.66E+01,
3203,36880.14964,36880.14964,2.26E-06,1651.579591,1.33E+01,
3204,31452.04456,31452.04456,3.39E-06,2937.519179,2.01E+01,
3205,12605.34308,12605.34308,1.13E-06,1964.678455,5.39E+00,
3206,18682.27569,18682.27569,3.03E-06,1954.680092,7.95E+00,
3207,8361.382737,8361.382737,-3.00006E-08,2873.529655,5.23E+00,
3208,159.4864612,159.4864612,0,649.8937151,2.26E-02,
3209,54313.68731,54313.68731,-1.48E-06,1174.248331,1.39E+01,
3210,66988.57849,66988.57849,2.484E-06,1337.041483,1.95E+01,
3211,56204.76882,56204.76882,3.1239E-06,2821.92916,3.45E+01,
3212,64956.56145,64956.56145,-4.426E-06,72.58785675,1.03E+00,
3213,51588.34157,51588.34157,2.539E-06,6.810880624,7.65E-02,
3214,51591.72255,51591.72255,2.299E-06,1823.194929,2.05E+01,
3215,82161.8094,82161.8094,-2.506E-06,58.78305512,1.05E+00,
3216,51239.69027,51239.69027,6.39004E-07,1808.566153,2.02E+01,
3217,41730.4013,41730.4013,-4.901E-06,459.8573473,4.18E+00,
3218,41856.18861,41856.18861,-2.631E-06,2820.301484,2.57E+01,
3219,51508.01239,51508.01239,2.33899E-06,3731.394574,4.18E+01,
3220,83394.02214,83394.02214,-3.536E-06,9.61E-05,1.74E-06,
3221,72790.42014,72790.42014,-2.071E-06,1615.176504,2.56E+01,
3222,71941.73607,71941.73607,-7.90998E-07,1011.108146,1.58E+01,
3224,923.017305,923.017305,0,116.9448253,2.35E-02,
3225,33562.51422,33562.51422,5.69002E-07,2561.589496,1.87E+01,
3226,33959.01149,33959.01149,-2.71E-06,2516.8707,1.86E+01,
3227,40619.19642,40619.19642,4.569E-06,3521.264298,3.11E+01,
3228,41812.49543,41812.49543,2.939E-06,2426.778299,2.21E+01,
3229,4468.202606,4468.202606,2.9999E-07,2404.492149,2.34E+00,
3230,44491.00768,44491.00768,2.08995E-07,3940.734904,3.82E+01,
3231,45047.58518,45047.58518,4.999E-06,2830.276879,2.78E+01,
3232,24081.82907,24081.82907,2.59E-06,605.0484473,3.17E+00,
3238,152.3291581,152.3291581,3E-08,715.6162309,2.37E-02,
3239,225310.0831,225310.0831,1.2514E-05,0.00010883,5.34E-06,
3240,26323.37528,26323.37528,-1.496E-06,924.6616122,5.30E+00,
3241,60538.50444,60538.50444,-4.586E-06,0.00010883,1.43E-06,
3242,48492.29785,48492.29785,2.234E-06,735.7863761,7.77E+00,
3243,3291.099391,3291.099391,-3.06E-07,291.8838948,2.09E-01,
3244,27613.23645,27613.23645,1.634E-06,1407.729089,8.46E+00,
3245,249.9285115,249.9285115,-2E-08,1057.396917,5.75E-02,
3246,49200.93361,49200.93361,3.64002E-07,28.49311206,3.05E-01,
3247,123912.1597,123912.1597,-1.586E-06,190.1966296,5.13E+00,
3248,80968.75291,80968.75291,-2.62599E-06,3859.425367,6.80E+01,
3249,49248.45223,49248.45223,-8.36E-07,2349.902754,2.52E+01,
3250,11728.39448,11728.39448,-2.5E-06,4.402918214,1.12E-02,
3251,61227.79311,61227.79311,2.974E-06,3751.950823,5.00E+01,
3252,40096.03331,40096.03331,-3.566E-06,2386.15616,2.08E+01,
3253,43178.56773,43178.56773,-1.321E-06,3011.397902,2.83E+01,
3269,56168.75777,56168.75777,-3.661E-06,5078.890599,6.21E+01,
3270,1143.570072,1143.570072,-2E-07,,0.00E+00,
3271,59064.21529,59064.21529,3.664E-06,3167.029372,4.07E+01,
3272,48385.59898,48385.59898,2.939E-06,1847.960259,1.95E+01,
3273,22520.44911,22520.44911,-6.10002E-07,2316.950147,1.14E+01,
3274,31892.93492,31892.93492,2.89E-06,3398.926819,2.36E+01,
3277,16423.65006,16423.65006,4.674E-06,2928.476476,1.05E+01,
3278,48893.73397,48893.73397,3.624E-06,1678.478559,1.79E+01,
3279,192016.3862,192016.3862,4.3604E-05,3653.04142,1.53E+02,
3280,79707.52239,79707.52239,4.29401E-06,1672.915134,2.90E+01,
3281,111162.733,111162.733,-3.4726E-05,3091.881459,7.48E+01,
3282,81075.60124,81075.60124,2.794E-06,3977.133806,7.02E+01,
3283,74933.91512,74933.91512,4.624E-06,4459.928381,7.28E+01,
3284,16121.30355,16121.30355,-3.236E-06,2812.144765,9.87E+00,
3287,43356.5932,43356.5932,-1.25101E-06,3320.533575,3.13E+01,
3288,45734.42844,45734.42844,-3.036E-06,3392.791634,3.38E+01,
3289,82618.27822,82618.27822,4.64002E-07,21.0094264,3.78E-01,
3290,64674.5033,64674.5033,-1.25998E-07,2233.731395,3.15E+01,
3291,48678.48862,48678.48862,-3.161E-06,4256.966894,4.51E+01,
3292,50188.62228,50188.62228,4.309E-06,3757.269897,4.11E+01,
3293,37649.66132,37649.66132,1.109E-06,8.405843006,6.89E-02,
3294,53960.47521,53960.47521,3.339E-06,3511.291245,4.13E+01,
3295,49596.0668,49596.0668,-3.561E-06,9.10E-05,9.83E-07,
3298,27652.3481,27652.3481,-1.97E-06,2608.819986,1.57E+01,
3299,42853.36822,42853.36822,5.20005E-07,2398.036334,2.24E+01,
3300,212.3415914,212.3415914,0,48.95080271,2.26E-03,
3301,20678.52043,20678.52043,4.53E-06,3382.359601,1.52E+01,
3302,31078.28922,31078.28922,3.9299E-06,4203.569084,2.84E+01,
3303,39383.98771,39383.98771,2.39E-06,2519.885715,2.16E+01,
3304,18299.77215,18299.77215,-3.83E-06,1791.791202,7.14E+00,
3305,74.51162139,74.51162139,0,258.4652986,4.19E-03,
3306,22679.85896,22679.85896,-2.37E-06,3885.788347,1.92E+01,
3307,1119.337675,1119.337675,0,264.3336312,6.44E-02,
3400,129625.4795,129625.4795,1.3705E-05,1167.92284,3.30E+01,
3401,94425.19989,94425.19989,4.95696E-07,3473.434562,7.14E+01,
3402,115380.0763,115380.0763,3.195E-06,4111.324866,1.03E+02,
3403,109939.3401,109939.3401,3.3265E-05,2715.20124,6.50E+01,
3404,136709.4417,136709.4417,2.7074E-05,2167.753124,6.45E+01,
3405,100951.6456,100951.6456,2.9744E-05,2922.363368,6.42E+01,
3408,33453.03237,33453.03237,2.5306E-06,1894.033467,1.38E+01,
3409,94727.07717,94727.07717,9.25691E-07,4137.781634,8.53E+01,
3410,152843.1705,152843.1705,-1.74501E-06,3476.732605,1.16E+02,
3411,100669.2387,100669.2387,-1.5795E-05,2599.611998,5.70E+01,
3412,56292.68251,56292.68251,3.6506E-06,2979.685582,3.65E+01,
3413,92234.1569,92234.1569,2.2357E-06,4410.154715,8.86E+01,
3416,286877.5072,286877.5072,2.7074E-05,2785.994899,1.74E+02,
3417,198052.1201,198052.1201,-2.2676E-05,4385.518385,1.89E+02,
3418,238079.8061,238079.8061,9.00301E-06,3009.030969,1.56E+02,
3419,131962.5827,131962.5827,1.0564E-05,1767.430857,5.08E+01,
3420,393577.4427,393577.4427,-1.5226E-05,96.68396388,8.29E+00,
3421,81046.89697,81046.89697,3.23998E-07,1334.632159,2.36E+01,
3422,176913.0575,176913.0575,1.3134E-05,3208.058296,1.24E+02,
3423,72213.40832,72213.40832,2.39961E-08,1585.489455,2.49E+01,
3424,136703.6928,136703.6928,-3.6936E-05,3630.348887,1.08E+02,
3425,65456.6904,65456.6904,4.044E-06,2617.157181,3.73E+01,
3426,29631.69633,29631.69633,3.55001E-07,1071.654949,6.91E+00,
3429,101357.433,101357.433,1.5654E-05,3459.989797,7.64E+01,
3430,90938.62564,90938.62564,1.88401E-06,3988.627492,7.90E+01,
3431,91973.36089,91973.36089,-3.15529E-06,2145.57968,4.30E+01,
3432,61501.26966,61501.26966,3.934E-06,3269.148715,4.38E+01,
3433,81258.62375,81258.62375,2.96471E-06,1832.419871,3.24E+01,
3434,111162.7106,111162.7106,6.25399E-06,3017.234445,7.30E+01,
3437,62697.90267,62697.90267,-2.025E-06,1627.997397,2.22E+01,
3438,173296.1452,173296.1452,3.52401E-06,2075.780545,7.83E+01,
3439,171562.5491,171562.5491,-2.2066E-05,2310.978572,8.63E+01,
3440,161080.2893,161080.2893,3.6394E-05,4031.946686,1.41E+02,
3441,192394.7354,192394.7354,4.8324E-05,3908.652164,1.64E+02,
3442,340117.0255,340117.0255,-4.8376E-05,3205.02888,2.37E+02,
3443,307418.655,307418.655,2.8024E-05,1805.539969,1.21E+02,
3444,115976.8977,115976.8977,3.8664E-05,2492.075786,6.29E+01,
3447,90327.48014,90327.48014,8.15606E-07,2780.589186,5.47E+01,
3448,89811.0225,89811.0225,-1.68431E-06,2278.561946,4.46E+01,
3449,80113.91347,80113.91347,-2.98431E-06,1554.504037,2.71E+01,
3450,106342.1803,106342.1803,1.8065E-05,3584.344831,8.30E+01,
3453,169485.3279,169485.3279,9.704E-06,2749.1387,1.01E+02,
3454,267560.4065,267560.4065,-3.9326E-05,1840.753757,1.07E+02,
3455,228877.9842,228877.9842,-4.2596E-05,2523.990651,1.26E+02,
3456,414694.2042,414694.2042,4.7634E-05,1208.459431,1.09E+02,
3457,270190.1895,270190.1895,2.6024E-05,3361.228447,1.98E+02,
3458,178960.1825,178960.1825,2.0324E-05,2197.5122,8.56E+01,
3459,243036.5201,243036.5201,3.2874E-05,1917.701656,1.01E+02,
3460,169277.7981,169277.7981,4.7024E-05,2636.215159,9.72E+01,
3463,84220.88848,84220.88848,3.9057E-06,3898.936177,7.15E+01,
3464,162370.7964,162370.7964,2.2204E-05,5249.947973,1.86E+02,
3465,98455.54175,98455.54175,2.0156E-06,2882.692186,6.18E+01,
3466,139112.8141,139112.8141,-2.1456E-05,2547.169693,7.72E+01,
3467,118923.0619,118923.0619,-6.06501E-06,2840.682099,7.36E+01,
3468,145555.6044,145555.6044,4.5764E-05,2381.571872,7.55E+01,
3471,164122.4263,164122.4263,-3.1305E-05,874.4580763,3.12E+01,
3472,69356.35642,69356.35642,1.3157E-06,2481.050167,3.75E+01,
3473,132105.2163,132105.2163,-1.7775E-05,2399.950465,6.90E+01,
3474,103510.4081,103510.4081,8.155E-06,2880.541291,6.49E+01,
3477,2544.53106,2544.53106,3E-07,133.466699,7.39E-02,
3478,2544.53106,2544.53106,3E-07,834.1867075,4.62E-01,
3479,421.4942784,421.4942784,0,343.9111358,3.16E-02,
3480,53119.69273,53119.69273,-7.69302E-07,164.0934134,1.90E+00,
3481,2351.395237,2351.395237,-2E-07,806.6849701,4.13E-01,
3482,735.9067575,735.9067575,0,215.5931437,3.45E-02,
3483,2618.131659,2618.131659,-2E-07,1249.098139,7.12E-01,
3484,914.5098991,914.5098991,0,802.5654882,1.60E-01,
3485,306.9736872,306.9736872,0,100.6596256,6.73E-03,
3487,127583.5472,127583.5472,-4.7135E-05,2884.569047,8.01E+01,
3488,103640.9407,103640.9407,2.9425E-05,326.0764202,7.36E+00,
3489,140601.3591,140601.3591,-1.0755E-05,2321.653166,7.11E+01,
3490,135231.6347,135231.6347,3.6745E-05,1853.723091,5.46E+01,
3491,112989.5834,112989.5834,2.6385E-05,4187.249334,1.03E+02,
3492,118468.2805,118468.2805,-2.0216E-05,2610.609985,6.73E+01,
3493,92762.26676,92762.26676,-1.4843E-06,1715.74371,3.47E+01,
3494,121507.3744,121507.3744,-5.436E-06,2691.375247,7.12E+01,
3497,123008.9311,123008.9311,1.8395E-05,3247.446118,8.70E+01,
3498,51377.01765,51377.01765,-1.1144E-06,1648.7651,1.84E+01,
3499,132775.5286,132775.5286,-9.80499E-06,2172.397628,6.28E+01,
3500,104926.6461,104926.6461,2.1355E-05,4106.391154,9.38E+01,
3503,161055.8768,161055.8768,1.1215E-05,31.2729477,1.10E+00,
3504,83884.8802,83884.8802,2.4849E-06,4.467553565,8.16E-02,
3505,152925.1157,152925.1157,2.253E-05,0.000179702,5.98E-06,
3594,805.9055175,805.9055175,1E-08,98.79984222,1.73E-02,
3595,6785.314299,6785.314299,-4.2E-07,2386.219015,3.53E+00,
3596,33728.99962,33728.99962,2.584E-06,1832.936375,1.35E+01,
3597,10018.05087,10018.05087,-3.401E-06,1180.379724,2.57E+00,
3598,418.2128816,418.2128816,-9.00002E-09,4.591590031,4.18E-04,
3599,964.3168614,964.3168614,2E-08,184.5618258,3.88E-02,
3600,92006.71992,92006.71992,-3.25531E-06,3188.60096,6.39E+01,
3601,102155.5042,102155.5042,2.0685E-05,4435.44488,9.87E+01,
3602,94926.94133,94926.94133,3.554E-06,3707.536,7.66E+01,
3603,69484.35869,69484.35869,2.75401E-06,3232.595453,4.89E+01,
3604,94859.98661,94859.98661,4.46569E-06,3354.822707,6.93E+01,
3607,1045.995646,1045.995646,9.99989E-09,415.7825183,9.47E-02,
3608,263.4935698,263.4935698,5.99999E-09,176.328742,1.01E-02,
3609,398.2583374,398.2583374,2.3E-08,7.114536091,6.17E-04,
3610,24.17143609,24.17143609,0,9.13E-05,4.81E-10,
3611,2512.83315,2512.83315,1.1E-07,444.8093901,2.43E-01,
3612,178.0738748,178.0738748,3.8E-08,9.669752174,3.75E-04,
3613,1088.024859,1088.024859,3.1E-07,168.6732453,4.00E-02,
3614,1958.430166,1958.430166,1.9E-07,402.0689271,1.71E-01,
3615,312.3875078,312.3875078,-2.0001E-08,156.6583269,1.07E-02,
3616,3591.292292,3591.292292,-4.8001E-07,411.5606333,3.22E-01,
3617,342.818438,342.818438,-2E-08,329.9571158,2.46E-02,
3618,140.852052,140.852052,-9.99998E-09,9.13E-05,2.80E-09,
3619,1137.207022,1137.207022,2.9E-07,343.8618624,8.51E-02,
3620,1042.04559,1042.04559,-2.9E-07,484.6169234,1.10E-01,
3621,4584.713199,4584.713199,3.19E-07,315.0960896,3.15E-01,
3622,663.3789745,663.3789745,-2.8E-08,179.0303358,2.59E-02,
3623,140.852052,140.852052,-9.99998E-09,253.497268,7.77E-03,
3624,6124.471053,6124.471053,-4.41E-07,422.0569546,5.63E-01,
3625,294.0784524,294.0784524,0,,0.00E+00,
3626,197.4151356,197.4151356,-2E-08,623.3578252,2.68E-02,
3627,4373.949348,4373.949348,2.89E-07,453.8901153,4.32E-01,
3628,679.2802582,679.2802582,-2E-08,138.617685,2.05E-02,
3629,400.1943738,400.1943738,2E-08,518.5171648,4.52E-02,
3630,10666.24376,10666.24376,-4.8661E-06,615.8057098,1.43E+00,
3631,552.7024345,552.7024345,-2E-08,448.4457884,5.40E-02,
3632,878.4419172,878.4419172,-2E-08,521.0959578,9.97E-02,
3633,1700.949408,1700.949408,1.69E-07,271.6682779,1.01E-01,
3634,48950.65647,48950.65647,3.714E-06,464.7453909,4.95E+00,
3635,2.844175664,2.844175664,0,42.20820604,2.61E-05,
3636,178.0738748,178.0738748,3.8E-08,3.503166836,1.36E-04,
3650,487.0192078,487.0192078,2E-08,239.7864345,2.54E-02,
3651,395.7029057,395.7029057,1E-08,127.0801791,1.09E-02,
3652,330.4452759,330.4452759,2E-08,12.30955893,8.86E-04,
3653,668.3420501,668.3420501,-4E-08,291.0971233,4.24E-02,
3654,458.2886978,458.2886978,-5E-08,283.6590674,2.83E-02,
3655,16187.76345,16187.76345,-8.66001E-07,144.1366228,5.08E-01,
3656,3327.770431,3327.770431,3.5E-07,114.1381653,8.27E-02,
3657,242.0105276,242.0105276,4E-08,133.0698822,7.01E-03,
3658,37557.64149,37557.64149,3.40005E-08,377.2994478,3.09E+00,
3659,136.3743656,136.3743656,-1E-08,8.662517942,2.57E-04,
3660,1579.52985,1579.52985,2.84E-07,208.3914038,7.17E-02,
3661,230.4969382,230.4969382,-4E-08,279.2281213,1.40E-02,
3662,702.0472635,702.0472635,-5E-08,270.5721175,4.14E-02,
3663,729.9171629,729.9171629,-4E-08,160.5789303,2.55E-02,
3664,622.249661,622.249661,2E-08,343.3450374,4.65E-02,
3665,394.9183561,394.9183561,0,223.0845118,1.92E-02,
3666,7749.614189,7749.614189,-4.46E-07,109.9339937,1.85E-01,
3667,41.83878076,41.83878076,0,7.30050363,6.65E-05,
3668,60.18612661,60.18612661,0,7.644823842,1.00E-04,
3669,243.4175928,243.4175928,-3E-08,5.339946054,2.83E-04,
3670,4903.829921,4903.829921,-4.40999E-07,133.2616028,1.42E-01,
3671,140.3318122,140.3318122,4.9999E-08,6.9046945,2.11E-04,
3672,313.7208445,313.7208445,4E-08,8.114744121,5.54E-04,
3673,6179.667531,6179.667531,2.7E-07,576.2620218,7.75E-01,
3674,108.9983649,108.9983649,-5E-08,239.7906235,5.69E-03,
3675,2205.615473,2205.615473,-3.2E-07,276.5273156,1.33E-01,
3676,9387.771046,9387.771046,-1.06E-07,1267.384462,2.59E+00,
3677,230.4969382,230.4969382,-4E-08,275.7047387,1.38E-02,
3678,1417.514308,1417.514308,4.3E-07,129.8827565,4.01E-02,
3679,14402.36123,14402.36123,-1.62E-06,815.1581829,2.56E+00,
3680,6621.017883,6621.017883,-2.80001E-07,64.4730651,9.29E-02,
3681,5368.643884,5368.643884,-9.99999E-08,304.6635428,3.56E-01,
3682,286.2316358,286.2316358,0,591.4508779,3.69E-02,
3683,6044.348796,6044.348796,-3.3E-07,99.52867541,1.31E-01,
3684,15119.48138,15119.48138,-3.4201E-06,2614.50059,8.61E+00,
3685,20298.98257,20298.98257,4.29E-06,1372.446239,6.07E+00,
3686,10636.05848,10636.05848,2.35E-06,489.6151246,1.13E+00,
3687,5343.33253,5343.33253,2.6E-07,15.86023741,1.85E-02,
3688,199.0197091,199.0197091,0,739.42625,3.20E-02,
3689,15193.97584,15193.97584,2.2099E-06,12.35037705,4.09E-02,
3690,14699.11467,14699.11467,-1.20001E-07,61.41550994,1.97E-01,
3691,23400.3416,23400.3416,4.61E-06,1519.496847,7.74E+00,
3692,48733.73894,48733.73894,-3.36E-06,1624.002306,1.72E+01,
3693,44690.46615,44690.46615,2.7099E-06,0.076014827,7.40E-04,
3694,42944.92926,42944.92926,-1.09998E-07,1778.044813,1.66E+01,
3708,19154.72068,19154.72068,-6.19999E-07,3639,1.52E+01,
3709,25936.80699,25936.80699,-3.12E-06,3629,2.05E+01,
3710,80442.65642,80442.65642,-3.0543E-06,2836,4.97E+01,
3711,120012.5315,120012.5315,3.6155E-05,3542,9.26E+01,
3712,42803.74775,42803.74775,-2.235E-06,2623,2.44E+01,
3713,79780.72952,79780.72952,7.45611E-07,3528,6.13E+01,
3714,115039.8009,115039.8009,3.6265E-05,3087,7.73E+01,
3715,81595.08628,81595.08628,4.5857E-06,2329,4.14E+01,
3716,78874.39257,78874.39257,-2.7143E-06,2910,5.00E+01,
3717,50881.55655,50881.55655,3.065E-06,1674,1.85E+01,
3718,96848.03917,96848.03917,-4.23531E-06,3199,6.75E+01,
3723,51238.10463,51238.10463,4.434E-06,2709,3.02E+01,
3724,7143.388403,7143.388403,5.89998E-08,312.2634445,4.86E-01,
3725,41534.40579,41534.40579,2.414E-06,5099.605124,4.61E+01,
3726,55761.42306,55761.42306,3.634E-06,1673,2.03E+01,
3727,44338.56897,44338.56897,2.524E-06,2512,2.43E+01,
3728,48088.13548,48088.13548,-5.65997E-07,2969.516987,3.11E+01,
3729,40310.13036,40310.13036,-1.40601E-06,1259.150541,1.11E+01,
3730,5410.90079,5410.90079,1.90003E-08,2029.07933,2.39E+00,
3731,53248.20039,53248.20039,1.184E-06,2173.412051,2.52E+01,
3732,61884.57851,61884.57851,-2.756E-06,1682.437408,2.27E+01,
3800,85200.09179,85200.09179,-3.59601E-06,3532.458437,6.55E+01,
3801,142324.092,142324.092,-4.2386E-05,2080.563474,6.45E+01,
3802,66861.95513,66861.95513,4.514E-06,2246.638329,3.27E+01,
3803,63258.76858,63258.76858,9.13897E-07,3804.307733,5.24E+01,
3804,67779.27076,67779.27076,-6.15997E-07,4590.813115,6.78E+01,
3805,58288.56832,58288.56832,4.974E-06,0.21891321,2.78E-03,
3808,31166.14105,31166.14105,-3.175E-06,3805.590606,2.58E+01,
3809,76043.03576,76043.03576,1.465E-06,2061.335522,3.41E+01,
3810,87355.91402,87355.91402,3.27501E-06,107.0451747,2.04E+00,
3811,135928.3669,135928.3669,-3.9926E-05,9.21E-05,2.73E-06,
3812,123085.1368,123085.1368,1.9724E-05,3349.427543,8.98E+01,
3813,142775.7136,142775.7136,4.1084E-05,970.4070902,3.02E+01,
3814,116601.1451,116601.1451,3.1674E-05,16.38552836,4.16E-01,
3815,140683.6974,140683.6974,-7.066E-06,2623.098526,8.03E+01,
3816,58738.49967,58738.49967,-3.686E-06,9.21E-05,1.18E-06,
3817,44401.15789,44401.15789,2.725E-06,4450.859715,4.30E+01,
3818,65960.9478,65960.9478,-4.08599E-06,9.21E-05,1.32E-06,
3819,61623.17737,61623.17737,2.914E-06,2035.850021,2.73E+01,
3822,64648.23005,64648.23005,1.814E-06,3773.652147,5.31E+01,
3823,48844.1866,48844.1866,-9.5999E-08,3615.873743,3.85E+01,
3824,16392.95562,16392.95562,-1.215E-06,0.000100928,3.60E-07,
3825,58398.05207,58398.05207,-1.686E-06,3824.592333,4.86E+01,
3826,64316.90942,64316.90942,-8.06001E-07,1719.054223,2.41E+01,
3827,346170.4658,339867.5833,6302.882546,3334.484178,2.51E+02,
3828,49101.02923,49101.02923,-3.546E-06,3351.721476,3.58E+01,
3829,441.0591706,441.0591706,0,1155.036465,1.11E-01,
3831,223231.945,223231.945,4.8804E-05,374.8138628,1.82E+01,
3832,208715.5415,208715.5415,3.7904E-05,1766.387442,8.03E+01,
3833,86145.08847,86145.08847,2.54399E-06,20.71086501,3.88E-01,
3834,68717.48185,68717.48185,-4.766E-06,10.96457606,1.64E-01,
3835,129539.1505,129539.1505,9.974E-06,2176.969352,6.14E+01,
3836,88142.24322,88142.24322,1.754E-06,3195.582798,6.13E+01,
3837,309867.9586,309867.9586,1.5324E-05,1798.013132,1.21E+02,
3838,164695.0856,164695.0856,-4.2776E-05,3307.81152,1.19E+02,
3839,249974.971,249974.971,2.0594E-05,2435.864856,1.33E+02,
3840,159424.6827,159424.6827,3.1354E-05,278.9543912,9.68E+00,
3841,278036.2262,278036.2262,2.8544E-05,159.4756211,9.65E+00,
3842,136563.3314,136563.3314,2.2974E-05,4104.453621,1.22E+02,
3843,323163.5297,323163.5297,2.5624E-05,40.49120288,2.85E+00,
3844,125953.5812,125953.5812,4.5514E-05,677.0975364,1.86E+01,
3845,218913.8914,218913.8914,-2.9566E-05,2685.926367,1.28E+02,
3846,111723.8995,111723.8995,-4.2356E-05,1672.195911,4.07E+01,
3847,123796.58,123796.58,2.3114E-05,880.8342416,2.37E+01,
3848,412950.9488,412950.9488,3.12401E-06,0.000122829,1.10E-05,
3849,66457.83035,66457.83035,-8.76011E-07,0.000122829,1.78E-06,
3850,120002.6503,120002.6503,4.8004E-05,2441.999999,6.38E+01,
3851,138897.906,138897.906,-3.0636E-05,3289,9.95E+01,
3852,87710.60549,87710.60549,2.70469E-06,2.565005225,4.90E-02,
3853,74260.34698,74260.34698,1.354E-06,2451.654699,3.96E+01,
3854,45130.93808,45130.93808,-4.16003E-07,24.02447921,2.36E-01,
3855,63548.7835,63548.7835,-7.45997E-07,17.95507868,2.48E-01,
3856,70730.93763,70730.93763,-1.336E-06,3848.345302,5.93E+01,
3857,68297.78903,68297.78903,-2.756E-06,2491.342113,3.70E+01,
3858,59423.36667,59423.36667,2.554E-06,1943.065955,2.51E+01,
3859,70319.05982,70319.05982,2.944E-06,2660.702064,4.07E+01,
3860,48368.76879,48368.76879,4.44001E-07,2740.783388,2.89E+01,
3861,66995.77167,66995.77167,4.844E-06,2792.012331,4.07E+01,
3862,48556.53221,48556.53221,1.754E-06,3200.157228,3.38E+01,
3863,84277.05689,84277.05689,-3.89601E-06,1872.465171,3.44E+01,
3864,41963.98568,41963.98568,2.054E-06,262.7369594,2.40E+00,
3865,61280.37522,61280.37522,2.004E-06,43.47771081,5.80E-01,
3866,269180.7241,269180.7241,4.9414E-05,735.0870231,4.31E+01,
3867,227192.1858,227192.1858,2.8934E-05,3888.622753,1.92E+02,
3868,216172.692,216172.692,2.9934E-05,1579.248492,7.43E+01,
3869,141640.2042,141640.2042,4.8234E-05,2292.619271,7.07E+01,
3870,135336.7617,135336.7617,-1.3186E-05,492.8749233,1.45E+01,
3875,82990.51025,82990.51025,-6.96004E-07,179.7125186,3.25E+00,
3900,241606.2462,241606.2462,-1.839E-05,4229.353863,2.22E+02,
3901,197720.4322,197720.4322,-3.809E-05,4261.169117,1.83E+02,
3902,316328.594,316328.594,6.10016E-07,4191.979654,2.89E+02,
3903,356563.0406,356563.0406,-2E-05,3985.497366,3.09E+02,
3905,134357.7155,134357.7155,2.8985E-05,1755.907616,5.14E+01,
3906,320740.0715,320740.0715,-1.6488E-05,1445.266024,1.01E+02,
3907,109840.0919,109840.0919,4.5575E-05,3309.021222,7.91E+01,
3908,80638.70533,80638.70533,1.213E-06,3411.989288,5.99E+01,
3909,161747.8886,161747.8886,-3.858E-05,1868.878447,6.58E+01,
3910,163917.1552,163917.1552,9.29998E-06,2726.005464,9.73E+01,
3911,77729.49124,77729.49124,2.12996E-07,1344.03343,2.27E+01,
3912,105384.581,105384.581,-1.0437E-05,3118.934077,7.16E+01,
3913,342134.5106,342134.5106,2.6935E-05,2134.009987,1.59E+02,
3914,164149.1814,164149.1814,-1.309E-05,2135.071901,7.63E+01,
3915,136890.7312,136890.7312,3.764E-05,3921.675682,1.17E+02,
3916,198070.1336,198070.1336,-9.74999E-06,1176.436868,5.07E+01,
3917,198881.2995,198881.2995,-2.91999E-06,1819.041691,7.88E+01,
3918,84760.93803,84760.93803,-4.14501E-06,1092.256437,2.02E+01,
3919,58229.51546,58229.51546,2.588E-06,3640.728304,4.62E+01,
3920,87163.49265,87163.49265,-8.52E-07,3474.568333,6.59E+01,
3921,70614.70715,70614.70715,1.89799E-06,3411.484485,5.25E+01,
3922,126391.3301,126391.3301,-4.56201E-06,2586.29699,7.12E+01,
3923,101759.6559,101759.6559,-3.9937E-05,2615.427828,5.79E+01,
3924,144570.6541,144570.6541,4.1588E-05,3050.498981,9.60E+01,
3925,59700.43034,59700.43034,4.095E-06,57.45477325,7.47E-01,
3926,117893.2465,117893.2465,-4.9072E-05,4052.627407,1.04E+02,
3927,256729.5964,256729.5964,-4.5352E-05,1616.264424,9.03E+01,
3928,129244.8848,129244.8848,3.2898E-05,1396.228439,3.93E+01,
3929,104118.9243,104118.9243,-2.3717E-05,1426.14834,3.23E+01,
3930,147578.9205,147578.9205,-3.2957E-05,3962,1.27E+02,
3931,4400.615653,4400.615653,4.8E-07,4.68E-05,4.48E-08,
3933,22224.69174,22224.69174,-4.925E-06,159.7733473,7.73E-01,
3934,30338.81882,30338.81882,-1.555E-06,4.68E-05,3.09E-07,
3935,7993.93245,7993.93245,3.05E-07,702.6142448,1.22E+00,
3936,192.4812353,192.4812353,-1E-08,21.05588431,8.82E-04,
3937,58105.71001,58105.71001,2.345E-06,11.21671008,1.42E-01,
3938,21317.51382,21317.51382,2.74998E-07,179.6448478,8.34E-01,
3939,84560.79425,84560.79425,-3.6181E-06,29.64322164,5.46E-01,
3940,52864.70539,52864.70539,2.085E-06,2627.648597,3.02E+01,
3941,30725.83884,30725.83884,-4.335E-06,157.3803064,1.05E+00,
3942,1768.628345,1768.628345,3.49999E-08,312.3278587,1.20E-01,
3943,49732.1066,49732.1066,2.48001E-07,74.7031283,8.09E-01,
3944,79683.34541,79683.34541,3.568E-06,2516.536603,4.37E+01,
3945,4114.834333,4114.834333,5.49999E-08,121.4135121,1.09E-01,
3946,39391.74396,39391.74396,1.608E-06,649.9967384,5.57E+00,
3947,956.7023762,956.7023762,1E-08,68.60645355,1.43E-02,
3948,201792.1205,201792.1205,-4.0425E-05,79.11980954,3.48E+00,
3949,82052.02086,82052.02086,8.41901E-07,181.2076339,3.24E+00,
3950,2391.879162,2391.879162,-1.2E-07,90.42064785,4.71E-02,
3951,4621.008133,4621.008133,3.54999E-07,201.3115428,2.03E-01,
3952,118583.8839,118583.8839,2.2935E-05,29.974464,7.74E-01,
3953,96245.82803,96245.82803,-3.0201E-07,1756.189062,3.68E+01,
3954,3736.364124,3736.364124,4.45E-07,131.1888992,1.07E-01,
3955,32382.26601,32382.26601,-4.412E-06,209.5252396,1.48E+00,
3956,15822.67222,15822.67222,-2.425E-06,128.2386112,4.42E-01,
3957,75280.78435,75280.78435,-3.272E-06,647.3385321,1.06E+01,
3958,155045.432,155045.432,-2.4912E-05,367.0755926,1.24E+01,
3959,75548.82324,75548.82324,3.718E-06,739.2780026,1.22E+01,
3960,68665.68986,68665.68986,-7.51999E-07,1156.493735,1.73E+01,
3961,6242.151767,6242.151767,1.8E-07,81.47898421,1.11E-01,
3962,74335.33436,74335.33436,-2.79199E-06,179.8562741,2.91E+00,
3963,102131.9128,102131.9128,-4.6532E-05,4.68E-05,1.04E-06,
3964,36256.29869,36256.29869,1.988E-06,240.2421991,1.90E+00,
3965,1495.248655,1495.248655,3.8E-07,419.4228052,1.37E-01,
3966,744.7403796,744.7403796,3E-08,4.68E-05,7.59E-09,
3967,36.99646013,36.99646013,0,4.68E-05,3.77E-10,
3968,18061.56633,18061.56633,-4.21E-06,278.9083374,1.10E+00,
3969,331.8118051,331.8118051,4E-08,4.68E-05,3.38E-09,
3970,25663.31303,25663.31303,-2.77E-06,1983.999829,1.11E+01,
3971,52977.59434,52977.59434,-2.8021E-06,103.063915,1.19E+00,
3972,132692.6963,132692.6963,3.4245E-05,18.5709351,5.37E-01,
3973,142251.177,142251.177,-1.2965E-05,32.37995935,1.00E+00,
3974,42440.18147,42440.18147,4.538E-06,30.89682433,2.86E-01,
4000,55518.12693,55518.12693,1.26E-06,4403.071525,5.32E+01,
4001,41788.00549,41788.00549,6.59995E-07,3536.421129,3.22E+01,
4002,53416.42425,53416.42425,7.60003E-07,2695.558801,3.14E+01,
4003,59483.17941,59483.17941,4.37001E-06,2312.930636,3.00E+01,
4004,52397.60739,52397.60739,1.86E-06,2847.533919,3.25E+01,
4005,75051.41139,75051.41139,3.56001E-06,3152.48399,5.15E+01,
4008,98862.05311,98862.05311,-2.09999E-06,3316.777985,7.14E+01,
4009,48223.16388,48223.16388,4.59E-06,3046.784368,3.20E+01,
4010,58475.42887,58475.42887,1.53E-06,2263.268028,2.88E+01,
4011,39646.80522,39646.80522,4.29995E-07,18.16953786,1.57E-01,
4012,36884.48071,36884.48071,4.83E-06,8.22E-05,6.60E-07,
4015,47212.27176,47212.27176,4.45999E-06,4648.436358,4.78E+01,
4016,47912.63315,47912.63315,3.66E-06,3144.942139,3.28E+01,
4017,45107.09583,45107.09583,4.66E-06,2414.187967,2.37E+01,
4018,48725.80771,48725.80771,8.59996E-07,1619.455317,1.72E+01,
4019,73400.04024,73400.04024,-3.25E-06,3973.724277,6.35E+01,
4020,50077.61031,50077.61031,-1.69995E-07,3398.083818,3.71E+01,
4021,62970.39352,62970.39352,-4.39999E-07,2116.170124,2.90E+01,
4024,23334.74479,23334.74479,7.49998E-07,2498.000001,1.27E+01,
4025,6384.883715,6384.883715,-9E-08,1271.274803,1.77E+00,
4026,31285.08483,31285.08483,-3.84E-06,3553,2.42E+01,
4027,48193.94388,48193.94388,3.66E-06,5079.725196,5.33E+01,
4028,60151.60891,60151.60891,-4.91001E-06,4877,6.39E+01,
4029,67775.46225,67775.46225,-7.2E-07,4004,5.91E+01,
4032,99332.03318,99332.03318,6.79996E-07,4257.565827,9.21E+01,
4033,48491.00495,48491.00495,-1.74E-06,1936.256883,2.04E+01,
4034,91678.68501,91678.68501,1.73E-06,3906.517958,7.80E+01,
4035,181367.7975,181367.7975,-3.26E-05,5017.666974,1.98E+02,
4036,96390.18793,96390.18793,-4.57E-06,6.233691287,1.31E-01,
4037,258184.7438,258184.7438,7.71001E-06,818.1091148,4.60E+01,
4038,176683.0626,176683.0626,-2.1801E-05,5.643700908,2.17E-01,
4039,97198.27387,97198.27387,-4.27E-06,4106.546986,8.69E+01,
4040,198049.4517,198049.4517,-3.61999E-06,3446.458866,1.49E+02,
4043,42802.90051,42802.90051,-3.68E-06,32.58404002,3.04E-01,
4044,94055.77968,94055.77968,6.19999E-07,0.000104441,2.14E-06,
4045,44217.12019,44217.12019,2.19E-06,0.000104441,1.01E-06,
4046,13654.40722,13654.40722,2.57E-06,9.309726436,2.77E-02,
4047,10885.92882,10885.92882,7.049E-07,0.000104441,2.48E-07,
4048,134901.7011,134901.7011,3.088E-05,2320.069663,6.81E+01,
4049,156891.3419,156891.3419,-3.22E-05,3799.15418,1.30E+02,
4050,21154.54241,21154.54241,-4.9E-06,9.84E-05,4.53E-07,
4051,234270.0987,234270.0987,3.802E-05,2484.491155,1.27E+02,
4052,282722.9165,282722.9165,-3.6585E-05,1713.790165,1.05E+02,
4053,105501.9526,105501.9526,-2.392E-05,3413.652964,7.84E+01,
4054,170807.302,170807.302,2.42E-05,2296.34613,8.54E+01,
4055,34588.2508,34588.2508,3.32E-06,9.84E-05,7.41E-07,
4056,91523.43666,91523.43666,3.10999E-06,9.84E-05,1.96E-06,
4057,66446.84602,66446.84602,1.79E-06,2588.19327,3.74E+01,
4058,44604.31442,44604.31442,2.29E-06,2847.312726,2.77E+01,
4059,55877.63806,55877.63806,4.78001E-06,386.0877557,4.70E+00,
4060,51900.78794,51900.78794,1.22E-06,26.90169863,3.04E-01,
4100,107480.7636,107480.7636,3.5205E-05,3550.860003,8.31E+01,
4101,199345.979,199345.979,-2.462E-05,9.962131825,4.32E-01,
4102,207156.6603,207156.6603,4.7675E-05,2180.53168,9.84E+01,
4103,241806.5621,241806.5621,1.6705E-05,2314.863535,1.22E+02,
4104,275340.5401,275340.5401,-2.6545E-05,3141.616022,1.88E+02,
4105,1008994.392,1002021.515,6972.877049,9.82E-05,2.16E-05,
4106,321663.0752,321663.0752,4.6625E-05,2398.930987,1.68E+02,
4107,995037.8376,982515.7093,12522.12834,39.50080129,8.56E+00,
4108,378580.2466,378580.2466,7.69499E-06,1632.314092,1.35E+02,
4109,548600.7849,548600.7849,2.7255E-05,1667.883442,1.99E+02,
4110,260579.3084,260579.3084,-9.585E-06,9.82E-05,5.57E-06,
4111,697598.7186,677297.2798,20301.43883,200.1612191,3.04E+01,
4112,601157.3909,601157.3909,-2.1402E-05,382.3758929,5.00E+01,
4113,61137.4196,61137.4196,2.4E-06,3261.943221,4.34E+01,
4114,91919.23996,91919.23996,3.75E-06,2315.770962,4.63E+01,
4115,225985.8143,225985.8143,-1.4872E-05,2890.360652,1.42E+02,
4116,165477.972,165477.972,1.25E-05,4866.283668,1.75E+02,
4117,153073.7418,153073.7418,1.159E-05,3019.884853,1.01E+02,
4118,293192.4545,293192.4545,6.63003E-06,2272.756644,1.45E+02,
4119,222484.0904,222484.0904,-1.8975E-05,1264.89739,6.13E+01,
4120,203885.0952,203885.0952,1.538E-05,793.7650274,3.52E+01,
4121,187280.3273,187280.3273,-1.382E-05,3048.608929,1.24E+02,
4122,317940.4936,317940.4936,3.7545E-05,2537.445376,1.76E+02,
4123,171345.1628,171345.1628,-1.66E-05,2482.057569,9.26E+01,
4124,100542.7953,100542.7953,4.072E-05,4415.589736,9.67E+01,
4125,190399.2208,190399.2208,-4.212E-05,3029.425129,1.26E+02,
4126,121295.6887,121295.6887,3.17E-06,3077.451336,8.13E+01,
4127,69249.32244,69249.32244,-2.33001E-06,2105.635973,3.17E+01,
4128,128480.4909,128480.4909,-3.608E-05,3541.19744,9.91E+01,
4129,89565.66252,89565.66252,2.07E-06,3103.926096,6.05E+01,
4132,62261.11364,62261.11364,-2.90005E-07,4229.288792,5.73E+01,
4133,95475.82138,95475.82138,-3.81999E-06,3050.508837,6.34E+01,
4134,260501.6915,260501.6915,4.2815E-05,3083.51298,1.75E+02,
4135,43716.10287,43716.10287,4.22999E-06,3596.242037,3.42E+01,
4136,202678.1997,202678.1997,-2.107E-05,3990.049514,1.76E+02,
4137,77875.68989,77875.68989,-3.47999E-06,2599.729216,4.41E+01,
4138,67668.89516,67668.89516,4.72E-06,2723.668624,4.01E+01,
4140,189507.8871,189507.8871,1.5695E-05,4035.541096,1.67E+02,
4141,188279.7975,188279.7975,3.925E-06,3347.906905,1.37E+02,
4142,235350.313,235350.313,3.49E-05,2252.282326,1.15E+02,
4143,215924.1733,215924.1733,-3.3775E-05,4333.471427,2.04E+02,
4144,189363.9857,189363.9857,3.19502E-06,3375.945903,1.39E+02,
4145,394365.0978,394365.0978,-4.4865E-05,2412.230872,2.07E+02,
4146,444618.1642,444618.1642,-3.346E-05,2536.080709,2.46E+02,
4147,199498.2541,199498.2541,7.525E-06,2082.046141,9.04E+01,
4148,621074.1443,621074.1443,-3.339E-05,1257.858381,1.70E+02,
4149,258218.5617,258218.5617,-4.375E-06,4.490654129,2.52E-01,
4150,685919.2791,685919.2791,-2.46631E-05,2.15003762,3.21E-01,
4151,321929.0365,321929.0365,4.032E-05,5.99554809,4.20E-01,
4154,344049.9844,344049.9844,-2.9555E-05,2279.479145,1.71E+02,
4155,519848.6741,519848.6741,7.73498E-06,2689.092397,3.04E+02,
4156,157289.2273,157289.2273,-2.389E-05,2036.248764,6.97E+01,
4157,383846.0977,383846.0977,4.64002E-06,3661.003041,3.06E+02,
4158,213963.4841,213963.4841,3.93999E-06,2512.499413,1.17E+02,
4159,158926.4048,158926.4048,4.892E-05,2715.384585,9.40E+01,
4160,42394.3406,42394.3406,3.17E-06,3905.149728,3.60E+01,
4161,177438.0301,177438.0301,-3.439E-05,3999.265785,1.55E+02,
4162,175134.3416,175134.3416,2.96E-05,921.1819909,3.51E+01,
4163,6050.7076,6050.7076,1.99991E-07,65.80107556,8.67E-02,
4200,330.704294,330.704294,0,,0.00E+00,
4201,93.72798057,93.72798057,0,521.0000001,1.06E-02,
4205,410.2356743,410.2356743,0,1899.581962,1.70E-01,
4206,362.5689864,362.5689864,0,,0.00E+00,
4207,431.0355305,431.0355305,0,1705.76644,1.60E-01,
4208,357.9583391,357.9583391,0,,0.00E+00,
4209,4816.356003,4816.356003,0,,0.00E+00,
4210,371.7434841,371.7434841,0,,0.00E+00,
4211,5224.298196,5224.298196,0,2336.540753,2.66E+00,
4212,4816.356003,4816.356003,0,,0.00E+00,
4213,735.2104648,735.2104648,0,,0.00E+00,
4214,4991.391883,4991.391883,-5E-07,1563.758738,1.70E+00,
4300,529.7817217,529.7817217,0,,0.00E+00,
4301,297.0253067,297.0253067,0,,0.00E+00,
4302,1076.121259,1076.121259,0,,0.00E+00,
4303,214.7084827,214.7084827,0,,0.00E+00,
4304,730.0720075,730.0720075,0,2911.698439,4.63E-01,
4305,445.55026,445.55026,0,1812.53171,1.76E-01,
4306,381.4356276,381.4356276,0,,0.00E+00,
4307,437.9096486,437.9096486,0,1457.442768,1.39E-01,
4308,3059.779874,3059.779874,-1.03E-07,1340.913295,8.93E-01,
4309,712.6451055,712.6451055,0,1487.322835,2.31E-01,
4310,175614.8341,175614.8341,-3.4528E-05,1824.623613,6.98E+01,
4311,10682.9264,10682.9264,-2.943E-06,1391.895488,3.24E+00,
4312,156221.2659,156221.2659,-4.028E-06,2133.648153,7.26E+01,
4315,136.9400243,136.9400243,0,,0.00E+00,
4316,604.5212414,604.5212414,0,,0.00E+00,
4317,1231.822668,1231.822668,0,,0.00E+00,
4400,4884.083174,4884.083174,2E-07,2991.955998,3.18E+00,
4401,321.7207296,321.7207296,0,1548.344151,1.08E-01,
4402,189.4707995,189.4707995,0,388.3288076,1.60E-02,
4403,486.1295031,486.1295031,-1.02318E-12,,0.00E+00,
4404,12003.66423,12003.66423,2.81E-06,2700.138266,7.06E+00,
4405,4646.227248,4646.227248,-4.8E-07,1678.673386,1.70E+00,
4406,57324.63001,57324.63001,-5.44998E-07,93.46235542,1.17E+00,
4407,19392.34179,19392.34179,-4.35099E-07,700.2170633,2.96E+00,
4408,9927.74514,9927.74514,-2.80015E-08,332.9325655,7.20E-01,
4423,4438.796431,4438.796431,-4.98E-07,49.79921462,4.81E-02,
4424,20635.39834,20635.39834,9.64999E-07,109.4689741,4.92E-01,
4425,2183.015322,2183.015322,3.67E-07,53.7608484,2.56E-02,
4426,7387.502738,7387.502738,-2.53001E-07,40.78562688,6.56E-02,
4427,1885.332984,1885.332984,-9.99989E-09,470.0432998,1.93E-01,
4428,12154.91162,12154.91162,4.32E-06,129.1710452,3.42E-01,
4429,35394.36479,35394.36479,-4.155E-06,108.9297929,8.39E-01,
4430,35490.09954,35490.09954,7.34995E-07,309.7480527,2.39E+00,
4431,19192.47842,19192.47842,3.2E-07,178.2700689,7.45E-01,
4432,61266.53411,61266.53411,-1.647E-06,2928.269302,3.91E+01,
4433,115094.8004,115094.8004,-2.5978E-05,3636.334399,9.11E+01,
4434,56936.49962,56936.49962,9.22999E-07,363.3859222,4.50E+00,
4435,104499.6581,104499.6581,-6.86001E-06,1270.116856,2.89E+01,
4436,163853.3037,163853.3037,3.2042E-05,8.64E-05,3.08E-06,
4437,98454.79647,98454.79647,-1.23E-06,2180.153981,4.67E+01,
4438,259821.0097,259821.0097,4.892E-06,1547.948852,8.76E+01,
4439,74026.08122,74026.08122,-3.29994E-07,809.0295437,1.30E+01,
4440,93641.40656,93641.40656,-6.30098E-07,3200.294311,6.53E+01,
4441,147049.8091,147049.8091,-4.265E-05,2572.283114,8.24E+01,
4442,111951.5977,111951.5977,4.354E-05,850.3303468,2.07E+01,
4443,52314.40639,52314.40639,-1.8771E-06,1085.288771,1.24E+01,
4444,377418.4511,377418.4511,-7.58801E-06,170.9572653,1.40E+01,
4445,237167.7,237167.7,7.80998E-06,678.294071,3.50E+01,
4446,377377.1989,377377.1989,-2.87E-05,330.2607234,2.71E+01,
4447,339372.5535,339372.5535,3.991E-05,0.000102555,7.58E-06,
4448,495290.5008,495290.5008,2.937E-05,2565.929106,2.77E+02,
4449,62110.29385,62110.29385,-2.87E-07,1377.630326,1.86E+01,
4499,910682.9792,871014.419,39668.56016,297.1419306,5.89E+01,
4500,548496.5509,548496.5509,4.35499E-05,2743.455566,3.28E+02,
4501,340323.9929,340323.9929,-2.7898E-05,2372.696234,1.76E+02,
4502,761416.5555,761416.5555,-2.4458E-05,2269.869898,3.76E+02,
4503,389830.1396,389830.1396,3.012E-05,3684.5917,3.13E+02,
4504,252421.3314,252421.3314,-2.4578E-05,1396.368144,7.67E+01,
4505,843905.2374,841541.4887,2363.74873,147.869568,2.72E+01,
4506,477022.0763,477022.0763,2.0402E-05,3243.250365,3.37E+02,
4507,281137.3178,281137.3178,-3.8308E-05,2613.688997,1.60E+02,
4508,409454.1134,409454.1134,-2.7518E-05,2665.531077,2.38E+02,
4509,361102.18,361102.18,2.5482E-05,2573.678451,2.02E+02,
4511,343236.6133,343236.6133,1.977E-05,1273.67368,9.52E+01,
4512,93475.64291,93475.64291,4.36E-06,200.5166074,4.08E+00,
4513,201644.1008,201644.1008,-3.587E-05,1338.580236,5.88E+01,
4514,732352.8932,678562.8923,53790.00093,0.000102555,1.64E-05,
4515,574889.547,574889.547,4.91249E-05,0.130216329,1.63E-02,
4516,495843.9865,495843.9865,-1.4235E-05,0.000102555,1.11E-05,
4517,459713.4809,459713.4809,-4.747E-05,0.000102555,1.03E-05,
4518,262480.107,262480.107,2.457E-05,2133.924935,1.22E+02,
4519,226169.877,226169.877,-1.312E-05,2092.178357,1.03E+02,
4520,341987.4666,341987.4666,-1.216E-05,1454.221685,1.08E+02,
4521,217921.7742,217921.7742,-1.577E-05,238.8273891,1.13E+01,
4522,261862.423,261862.423,-4.121E-05,3086.879452,1.76E+02,
4523,255528.2299,255528.2299,-4.386E-05,2946.3997,1.64E+02,
4524,202581.7143,202581.7143,-1.0858E-05,1867.809601,8.24E+01,
4525,278938.5402,278938.5402,5.43002E-06,1919.047515,1.17E+02,
4526,649885.1667,611537.7601,38347.40661,287.2513049,4.06E+01,
4527,561801.617,561801.617,3.42301E-05,1076.43543,1.32E+02,
4528,84806.46938,84806.46938,-4.15799E-06,2139.871793,3.95E+01,
4529,109919.6004,109919.6004,1.4972E-05,3089.142569,7.39E+01,
4530,398156.3966,398156.3966,-3.866E-05,3181.101739,2.76E+02,
4531,322649.3296,322649.3296,-2.316E-05,1625.421118,1.14E+02,
4532,570519.9683,567653.8824,2866.085936,4.069363592,5.06E-01,
4533,981104.5319,963045.366,18059.16592,4.72E-05,1.01E-05,
4534,256362.4217,256362.4217,4.892E-05,24.50167244,1.37E+00,
4535,544054.3931,541188.3072,2866.085922,1355.401922,1.61E+02,
4536,786659.7518,754472.4186,32187.33317,426.9117513,7.31E+01,
4537,404433.0581,404433.0581,-1.088E-05,2815.610518,2.48E+02,
4538,456701.311,456701.311,9.57999E-06,1059.229736,1.05E+02,
4539,292520.5695,292520.5695,4.278E-05,3895.878613,2.48E+02,
4540,453534.5656,453534.5656,4.152E-05,1981.429668,1.96E+02,
4541,155689.2589,155689.2589,3.9812E-05,2145.758288,7.27E+01,
4542,293300.6952,293300.6952,4.5012E-05,1514.060039,9.67E+01,
4543,921268.6999,881600.1397,39668.56015,0.849352207,1.70E-01,
4544,567280.3678,555593.3638,11687.00401,418.3958188,5.17E+01,
4545,259903.8707,259903.8707,2.1932E-05,3780.958288,2.14E+02,
4546,339965.3241,339965.3241,-4.253E-05,2436.429068,1.80E+02,
4547,369113.7734,369113.7734,4.305E-05,2518.432789,2.02E+02,
4548,419703.0631,419703.0631,1.55499E-05,1741.309563,1.59E+02,
4549,278568.653,278568.653,1.5232E-05,3640.89209,2.21E+02,
4550,559681.0671,547994.0631,11687.00396,3239.829908,3.95E+02,
4551,487674.6936,487674.6936,4.691E-05,1576.261369,1.67E+02,
4552,242553.9456,242553.9456,-1.8018E-05,2227.378044,1.18E+02,
4553,779993.4671,739862.1138,40131.35328,1518.73126,2.58E+02,
4554,364183.5581,364183.5581,-1.085E-05,1474.863649,1.17E+02,
4555,542276.0242,534184.2935,8091.730679,815.7815179,9.63E+01,
4556,55156.59914,55156.59914,-2.895E-06,1495.307065,1.80E+01,
4557,36903.26029,36903.26029,-1.198E-06,2512.66225,2.02E+01,
4558,65433.83883,65433.83883,-4.788E-06,2493.030685,3.55E+01,
4559,503142.5032,503142.5032,2.7522E-05,1.00E-06,1.10E-07,
4560,407121.3314,407121.3314,1.9845E-05,13.70968077,1.22E+00,
4561,94762.28948,94762.28948,3.09E-06,3014.240645,6.22E+01,
4562,94191.47731,94191.47731,4.18999E-06,5016.98009,1.03E+02,
4563,98728.46635,98728.46635,3.59E-06,4006.076807,8.61E+01,
4564,145183.4979,145183.4979,4.298E-05,2797.222561,8.84E+01,
4565,324252.2825,324252.2825,4.6835E-05,1816.110549,1.28E+02,
4566,99336.72559,99336.72559,3.6E-06,3171.320943,6.86E+01,
4567,169778.4166,169778.4166,-3.974E-05,1667.844663,6.17E+01,
4568,152899.0938,152899.0938,-7.11001E-06,796.5205551,2.65E+01,
4569,142646.2922,142646.2922,-4.412E-05,2750,8.54E+01,
4570,171639.0096,171639.0096,-2.246E-05,2693,1.01E+02,
4571,534296.4235,534296.4235,2.2215E-05,18.71671892,2.18E+00,
4572,78483.06379,78483.06379,4.45E-06,232.7153034,3.98E+00,
4573,835332.0198,796632.8658,38699.15402,881.3139199,1.60E+02,
4574,908094.9598,889799.703,18295.25682,539.804811,1.07E+02,
4575,757104.5053,709779.7254,47324.77988,1571.099108,2.59E+02,
4576,176349.0188,176349.0188,4.6072E-05,2588.361925,9.94E+01,
4577,304858.8365,304858.8365,-5.00795E-06,2882.383924,1.91E+02,
4578,302729.828,302729.828,2.2252E-05,2281.771555,1.50E+02,
4579,724669.4401,724669.4401,4.7651E-05,3044.601971,4.80E+02,
4580,207484.3731,207484.3731,3.012E-05,683.490354,3.09E+01,
4581,383858.5941,383858.5941,4.7885E-05,78.12708788,6.53E+00,
4582,620486.241,582138.8344,38347.4066,647.9660537,8.75E+01,
4583,241067.6361,241067.6361,-4.387E-05,42.14151797,2.21E+00,
4584,640759.1364,596192.087,44567.04942,464.6928371,6.48E+01,
4585,167894.8853,167894.8853,-1.096E-05,709.7825255,2.59E+01,
4600,11.63821448,11.63821448,0,47.97538847,1.22E-04,
4601,293.3818963,293.3818963,0,1056.431797,6.75E-02,
4602,231.4195812,231.4195812,0,1923.967016,9.69E-02,
4603,892.3219554,892.3219554,0,,0.00E+00,
4606,2687.172118,2687.172118,-3.9E-07,2513.47196,1.47E+00,
4607,3113.037604,3113.037604,9.99989E-09,3105.583122,2.11E+00,
4608,3663.851485,3663.851485,-9E-08,2087.39197,1.67E+00,
4609,5236.783017,5236.783017,4.1E-07,2091.392721,2.38E+00,
4610,4570.539506,4570.539506,4.1E-07,3573.670997,3.56E+00,
4611,4675.884996,4675.884996,9.99989E-09,2232.042715,2.27E+00,
4612,69558.72583,69558.72583,2.33001E-06,2857.261093,4.33E+01,
4613,29340.42406,29340.42406,-4.59E-06,987.1854216,6.31E+00,
4616,5.606710298,5.606710298,0,,0.00E+00,
4618,4.95E-06,4.95E-06,-4.2E-09,0.058138826,6.26E-14,
4621,1767.02003,1767.02003,-5E-07,1798.917956,6.92E-01,
4622,4500.749481,4500.749481,-9.99999E-08,1748.086309,1.71E+00,
4623,2095.984086,2095.984086,3E-07,3612.068781,1.65E+00,
4624,7520.042822,7520.042822,3.99999E-07,1393.071447,2.28E+00,
4625,5344.460255,5344.460255,2E-07,1990.216604,2.32E+00,
4626,5344.460255,5344.460255,2E-07,3020.638902,3.52E+00,
4629,1680.512757,1680.512757,4E-07,4881.086488,1.79E+00,
4630,3895.284577,3895.284577,3E-07,506.8619693,4.30E-01,
4631,7707.436244,7707.436244,-4.50001E-07,2886.079303,4.84E+00,
4632,966.341236,966.341236,-4.99999E-08,1259.28037,2.65E-01,
4633,2157.017932,2157.017932,-3E-07,1980.691869,9.30E-01,
4636,1684.811548,1684.811548,-3E-07,3291.471292,1.21E+00,
4637,1180.485484,1180.485484,3E-07,3781.690405,9.72E-01,
4638,206.0310202,206.0310202,0,1902.279206,8.53E-02,
4639,785.815781,785.815781,0,1479.661464,2.53E-01,
4640,6806.334081,6806.334081,-4.9E-07,2623.840877,3.89E+00,
4641,5449.783236,5449.783236,0,1757.498179,2.09E+00,
4642,3013.909686,3013.909686,3E-07,2223.465286,1.46E+00,
4643,1082.977765,1082.977765,3.1E-07,1231.110078,2.90E-01,
4644,3600.794944,3600.794944,3.9999E-07,1852.13121,1.45E+00,
4645,1686.984733,1686.984733,-3E-07,2000.852004,7.35E-01,
4648,5876.058052,5876.058052,2E-07,2921.846519,3.74E+00,
4649,5876.058052,5876.058052,2E-07,1516.853655,1.94E+00,
4650,463.7043798,463.7043798,0,1756.299826,1.77E-01,
4700,418.8127161,418.8127161,0,846.7499557,7.72E-02,
4701,435.3980203,435.3980203,0,,0.00E+00,
4702,4991.391883,4991.391883,-5E-07,4263.349787,4.63E+00,
4703,19508.12044,19508.12044,-1.79E-06,1931.668566,8.20E+00,
4704,12548.09205,12548.09205,-3.19E-06,2590.611227,7.08E+00,
4705,12810.05228,12810.05228,1.2E-06,3586.593318,1.00E+01,
4706,3961.096592,3961.096592,2E-07,685.7721088,5.91E-01,
4709,20209.7029,20209.7029,2.625E-06,1194.28424,5.26E+00,
4710,24559.94654,24559.94654,3.315E-06,1854.649737,9.92E+00,
4711,14096.59341,14096.59341,-2.49E-06,1099.756276,3.38E+00,
4712,14267.55293,14267.55293,3.61E-06,2650.916356,8.24E+00,
4713,7819.830213,7819.830213,-5E-07,1178.765323,2.01E+00,
4714,14170.33806,14170.33806,2.6E-06,3248.865382,1.00E+01,
4715,14267.55293,14267.55293,3.61E-06,3303.94787,1.03E+01,
4716,1304.658102,1304.658102,2.9E-07,1211.814816,3.44E-01,
4719,436.9673266,436.9673266,0,1354.773465,1.29E-01,
4720,730.4967935,730.4967935,0,1396.613553,2.22E-01,
4721,258.5295085,258.5295085,0,1232.503606,6.94E-02,
4722,730.4967935,730.4967935,0,1314.502153,2.09E-01,
4723,956.7023762,956.7023762,1E-08,2307.607223,4.81E-01,
4900,41145.44719,41145.44719,-3.89999E-07,2066,1.85E+01,
4901,31733.49097,31733.49097,-2.49E-06,3334.000001,2.30E+01,
4902,66872.82485,66872.82485,-3.90006E-07,1961,2.86E+01,
4903,84044.40709,84044.40709,-4.17999E-06,2455.999999,4.49E+01,
4904,57368.76145,57368.76145,3.22E-06,2402.026814,3.00E+01,
4905,95978.19042,95978.19042,-1.52001E-06,1847,3.86E+01,
4906,76329.1589,76329.1589,-1.59E-06,1958.973186,3.26E+01,
4907,120.9623172,120.9623172,0,7.653666385,2.02E-04,
4909,907.9401902,907.9401902,0,1695.481301,3.35E-01,
4910,17574.85929,17574.85929,-2.8E-06,2599.315854,9.95E+00,
4911,672.6997093,672.6997093,0,1682.944355,2.46E-01,
4912,1184.685002,1184.685002,1E-07,658.4106481,1.70E-01,
4913,357.5879716,357.5879716,0,1729.495852,1.35E-01,
4914,25780.799,25780.799,6.00001E-07,3630.44103,2.04E+01,
4915,30952.84222,30952.84222,3.90002E-07,2376.93103,1.60E+01,
4916,42455.34717,42455.34717,-8.90002E-07,1264.240335,1.17E+01,
4917,1246.20452,1246.20452,-1E-07,4481.84966,1.22E+00,
4918,33227.0904,33227.0904,1.61E-06,3425.435912,2.48E+01,
4919,5317.915997,5317.915997,-1.00099E-08,0.000104074,1.21E-07,
4920,24033.2437,24033.2437,-2.71E-06,811.8002541,4.25E+00,
4922,21342.90122,21342.90122,-3E-06,3358.923647,1.56E+01,
4923,63689.65146,63689.65146,1.63E-06,375.5909661,5.21E+00,
4924,80838.93135,80838.93135,-7.7E-07,2815.391549,4.96E+01,
4925,53687.39606,53687.39606,-2.07E-06,2590.576921,3.03E+01,
4926,47696.60126,47696.60126,-4.17E-06,2850.945937,2.96E+01,
4927,17981.57562,17981.57562,2.71E-06,2580.57098,1.01E+01,
4930,34249.65998,34249.65998,1.00001E-07,642.9999999,4.80E+00,
4931,31138.04083,31138.04083,2.3E-06,2158.546214,1.46E+01,
4932,28931.16646,28931.16646,-3.5E-06,3313.453785,2.09E+01,
4933,31940.20074,31940.20074,-1.3E-06,3819.000001,2.66E+01,
4934,26035.35039,26035.35039,7.00002E-07,1847,1.05E+01,
4935,23144.96261,23144.96261,2.7E-06,4213.999999,2.12E+01,
4936,30910.35078,30910.35078,2.21E-06,2682,1.81E+01,
4937,29553.59458,29553.59458,-1.5E-06,3065,1.97E+01,
4940,46254.54539,46254.54539,2.7E-06,2717.789605,2.74E+01,
4941,45490.383,45490.383,7.2E-07,2219.80627,2.20E+01,
4942,42326.35121,42326.35121,1.32E-06,3902.101751,3.60E+01,
4943,35391.09167,35391.09167,4.3E-06,2908.566635,2.24E+01,
4944,35789.93274,35789.93274,-3.89999E-06,2609.405507,2.03E+01,
4945,36620.04247,36620.04247,-1.88E-06,3380.330232,2.70E+01,
4948,175010.1302,175010.1302,-7.94002E-06,2401.554752,9.15E+01,
4949,175750.195,175750.195,-6.73E-06,1703.289434,6.52E+01,
4950,84926.26625,84926.26625,2.31E-06,1043.628229,1.93E+01,
4951,123592.7432,123592.7432,-2.12999E-06,865.2697416,2.33E+01,
4952,85449.58794,85449.58794,-3.77999E-06,2168.966997,4.04E+01,
4953,109069.6749,109069.6749,-3.643E-05,699.4513604,1.66E+01,
4954,75585.86824,75585.86824,2.09999E-07,3834.656793,6.31E+01,
4955,53740.71632,53740.71632,1.20002E-07,1490.484039,1.74E+01,
4956,66772.81515,66772.81515,3.82001E-06,2173.473484,3.16E+01,
4957,46567.37294,46567.37294,-1.8E-07,2730.877177,2.77E+01,
4958,24989.8231,24989.8231,3.11E-06,2687.460862,1.46E+01,
4959,87982.1045,87982.1045,1.11001E-06,932.3479949,1.79E+01,
4960,36819.98523,36819.98523,-4.3E-06,497.5484292,3.99E+00,
4961,9558.376496,9558.376496,2.99999E-07,599.8154321,1.25E+00,
4962,78.12073154,78.12073154,0,177.0368298,3.01E-03,
4963,543.2989183,543.2989183,1E-08,79.25494493,9.38E-03,
4964,448.0002057,448.0002057,0,119.5912621,1.17E-02,
4965,66.91343721,66.91343721,0,427.9636557,6.24E-03,
4966,337.5727127,337.5727127,0,1146.275353,8.43E-02,
4967,95.64396113,95.64396113,-4.99999E-09,314.9603431,6.56E-03,
4968,58.20055708,58.20055708,0,591.1706931,7.49E-03,
4969,334.6375075,334.6375075,0,1561.886596,1.14E-01,
4970,128.8830574,128.8830574,3.5E-08,562.6201447,1.58E-02,
4971,79.22175486,79.22175486,0,252.2781167,4.35E-03,
4972,700.746369,700.746369,0,716.03622,1.09E-01,
4973,45.82700328,45.82700328,0,88.65463581,8.85E-04,
4974,41330.67425,41330.67425,-5.09994E-07,6.074028723,5.47E-02,
4975,38696.06524,38696.06524,-4.3E-06,11.02991714,9.29E-02,
4976,56650.27652,56650.27652,2.81E-06,3509.04513,4.33E+01,
4977,179766.6164,179766.6164,2.404E-05,779.7878795,3.05E+01,
4978,73384.79828,73384.79828,-1.09E-06,2746.009369,4.39E+01,
4979,149564.3307,149564.3307,3.028E-05,728.8017551,2.37E+01,
4980,16444.75687,16444.75687,0,918.9304997,3.29E+00,
4981,90207.54555,90207.54555,4.92E-06,2528.165982,4.97E+01,
4982,73225.96173,73225.96173,4.61E-06,2260.841757,3.60E+01,
4983,264.659908,264.659908,4.1E-08,,0.00E+00,
4985,694.8275748,694.8275748,0,1556.88217,2.36E-01,
4986,406.6317403,406.6317403,0,3780.11783,3.35E-01,
4987,88130.35497,88130.35497,-4.17999E-06,268.1969564,5.15E+00,
4988,152458.0916,152458.0916,-1.302E-05,27.11672606,9.00E-01,
5000,37312.1491,37312.1491,7.59996E-07,2952.234292,2.40E+01,
5001,43306.54101,43306.54101,-2.44E-06,3704.786454,3.49E+01,
5002,11884.12776,11884.12776,-2.1E-06,11.97925355,3.10E-02,
5005,58273.16119,58273.16119,4.9E-06,1910.390365,2.42E+01,
5006,40601.29666,40601.29666,-3.9E-06,4728.985908,4.18E+01,
5007,53240.26813,53240.26813,2.76E-06,3597.228939,4.17E+01,
5008,44318.78667,44318.78667,2.9E-06,3094.476517,2.99E+01,
5009,24566.92025,24566.92025,3E-06,4342.333467,2.32E+01,
5010,48785.13522,48785.13522,-3.99996E-07,2874.584804,3.05E+01,
5011,161385.1867,161385.1867,7.89994E-07,1133.067911,3.98E+01,
5012,83442.89748,83442.89748,-2.22E-06,2833.598916,5.15E+01,
5013,14246.95613,14246.95613,-3.79E-06,19.1823847,5.95E-02,
5014,64306.01656,64306.01656,-4.32E-06,2.383330993,3.34E-02,
5015,69213.06517,69213.06517,-1.51001E-06,4019.425909,6.06E+01,
5016,37832.99093,37832.99093,-1.48E-06,6.489484752,5.35E-02,
5017,84275.02697,84275.02697,1.19E-06,8.52E-05,1.56E-06,
5018,168572.8556,168572.8556,3.65998E-06,364.0222945,1.34E+01,
5019,82482.20609,82482.20609,-1.82001E-06,2753.024283,4.94E+01,
5020,64919.60601,64919.60601,-2.68E-06,3253,4.60E+01,
5021,71944.78148,71944.78148,1.11999E-06,3360.438585,5.26E+01,
5022,73579.28687,73579.28687,4.38001E-06,2005.366817,3.21E+01,
5023,88819.17619,88819.17619,-6.19999E-07,3002,5.81E+01,
5024,55575.00181,55575.00181,-9.40003E-07,3271.999999,3.96E+01,
5025,69400.02307,69400.02307,1.36001E-06,2400,3.63E+01,
